sample_id	121-Si8-C	122-Si8-C	123-Si8-C	124-Si8-C	125-Si8-C	126-Si8-C	127-Si8-C	128-Si8-C	129-Si8-C	130-Si8-C	131-Si8-C	132-Si8-C	133-Si8-C	134-Si8-C	135-Si8-C	136-Si8-C	137-Si8-C	138-Si8-C	386-Si8-C	387-Si8-C	388-Si8-C	389-Si8-C	390-Si8-C	391-Si8-C	392-Si8-C	393-Si8-C	394-Si8-C	395-Si8-C	396-Si8-C	397-Si8-C	49-Si8-C	50-Si8-C	51-Si8-C	52-Si8-C	53-Si8-C	54-Si8-C	55-Si8-C	56-Si8-C	57-Si8-C	58-Si8-C	59-Si8-C	60-Si8-C	61-Si8-C	62-Si8-C	63-Si8-C	64-Si8-C
d__Bacteria;p__Firmicutes;c__Clostridia;o__Clostridiales;f__Clostridiaceae;g__Candidatus_Arthromitus	0.009891157	0.000372584	0.082928483	0.000518063	0.000348086	0.000556917	0	0.007031544	0.000407054	0.753291814	0.354722391	0.024476037	0.126073784	0.93469723	0.600036186	0.834783723	0.734214406	0.040069705	0.011038961	0.264623955	0.077423552	0	0.011491611	0	0.020064205	0.467110741	0.545112437	0.005708577	0	0.078911565	0.000779099	0	0.000331755	0.000656868	0.001073867	0.641541115	0.082871126	0.002183512	0.005324459	0.772693678	0.005617185	0.041376049	0.06510363	0.484217012	0.864299958	0.693891278
d__Bacteria;p__Firmicutes;c__Bacilli;o__Erysipelotrichales;f__Erysipelotrichaceae;g__Faecalibaculum	0.181283823	0.004888299	0.007908711	0.016249914	0.04347754	0.002079156	0.021039744	0.008384838	0	0.000174208	0.0003399	0.000439689	0.00133666	0	0.000205054	0	0	0.000128291	0.525974026	0	0	0.203988305	0.117444266	0.200702988	0.073836276	0	0.01229922	0	0.036565068	0	0.786942295	0.835798817	0.827336611	0.838985138	0.065467516	0.121573788	0.059575856	0.080450289	0.055185801	0.000794237	0.084977559	0.094455609	0.074292307	0	0.000402111	0.000562355
d__Bacteria;p__Firmicutes;c__Bacilli;o__Lactobacillales;f__Streptococcaceae;g__Lactococcus	0.644100776	0.589636209	0.662614394	0.470245907	0.444123985	0.76557511	0.69763021	0.736819342	0.948536787	0.000377452	0.000783247	0.001868679	0.00016931	0	8.44E-05	0.001708434	0.000257724	0.000374183	0	0	0	0	0	0	0	0	0	0	0	0.011791383	0.12221472	0.050893869	0.069517749	0.075293538	0.000383524	0.003040479	0.00548124	0.00526469	0.041375485	0.000110311	0.245575409	0.05177917	0.033087478	0	0.000361079	0
d__Bacteria;p__Firmicutes;c__Bacilli;o__Lactobacillales;f__Lactobacillaceae;g__Lactobacillus	0.012728784	0.052742962	0.02521749	0.002935691	0.049013758	0.027548823	0.160633448	0.035534411	0.006818149	0.012484938	0.11255117	0.113256632	0.26118339	0.008051612	0.187371087	0.079698461	0.207880169	0.22208324	0.368831169	0.359331476	0.130123617	0.587900142	0.368650885	0.550790861	0.057303371	0.146544546	0.299770537	0.595690024	0.929002393	0.7569161	0.063496598	0.08397331	0.054950689	0.020855571	0.126869679	0.018742058	0.070734095	0.390266388	0.013754853	0.087476421	0.475301324	0.044095047	0.219498125	0.083662489	0.009749132	0.113739111
d__Bacteria;p__Firmicutes;c__Clostridia;o__Peptostreptococcales-Tissierellales;f__Peptostreptococcaceae;g__Romboutsia	0	0	0.000971642	0	0	0	0	0	0	0	0	0	0	0	0	0	0	0	0	0	0	0	0	0	0	0	0	0	0	0	0	0.003273322	0	0.00394121	0	0.000363042	0.000391517	0	0.003438713	0	0.138002089	0	0.021632535	3.30E-05	4.92E-05	0
d__Bacteria;p__Firmicutes;c__Bacilli;o__Staphylococcales;f__Staphylococcaceae;g__Staphylococcus	0.0006486	0.001341302	0.001423568	0.000897976	0.000298359	0.000928195	0.000499412	0	0.000101763	0	0	0	0	4.28E-05	0.000168868	0	6.19E-05	9.62E-05	0.008441558	0.050139276	0	0.00322363	0.003217651	0	0.002247191	0	0	0.009419152	0	0	0	6.29E-05	0	0	0.000383524	0	0.000978793	0.005094861	0.00088741	0.001478164	0.000606882	0.000827521	0.002513495	0.0031687	0	0.009593119
d__Bacteria;p__Firmicutes;c__Clostridia;o__Clostridiales;f__Clostridiaceae;g__Clostridium_sensu_stricto_1	0	0	0.09944639	0.361694412	0.417603182	0.010915571	0.030979653	0.086889797	0.000494279	0	0.000354678	0.001025942	0.036998752	0.002241788	0.000458356	0	9.28E-05	0	0	0	0	0	0	0	0	0	0	0.000999001	0	0	0	0	0	0	0	0	0	0	0.001719357	0	0.019547238	0.006029081	0.016935185	0	0	0
d__Bacteria;p__Verrucomicrobiota;c__Verrucomicrobiae;o__Verrucomicrobiales;f__Akkermansiaceae;g__Akkermansia	0	0.001549949	0.007230821	0.000259032	0.000580143	0	0.009585488	0.00047435	0	0.000711351	0.001566495	0.005019786	0.001603992	0.000222468	0	8.54E-05	0	0	0	0.069637883	0	0.087862658	0.03516433	0.10685413	0	0	0	0	0	0	0.00020776	0	0	0	0.017757153	0.005944818	0.073017945	0.037338056	0.030116473	0.017936527	0.000677449	0.038065965	0.030656393	0.006293391	0.003069171	0.035924578
d__Bacteria;p__Firmicutes;c__Bacilli;o__Erysipelotrichales;f__Erysipelotrichaceae;g__Dubosiella	0	0	0.000406734	0.000310838	0	0	0.000225541	0	0	0.015693277	0.059984926	0.068701451	0.313865621	0.017378135	0.031554189	0	0	0	0	0	0	0	0	0	0	0	0	0	0	0	0.00033761	0	0	0	0.035936182	0.004311127	0.006786297	0.004172934	0.011425402	0.003331385	0.005236119	0.011939946	0.01681157	0.000418092	0.000328254	0.003561583
d__Bacteria;p__Bacteroidota;c__Bacteroidia;o__Bacteroidales;f__Muribaculaceae;g__Muribaculaceae	0.00524961	0.00013413	0.011185177	0	0	0	0.016222834	0.052457553	7.27E-05	0.054396586	0.365702632	0.102191118	0.088593834	0.003508141	0.101224293	0.022476589	0.02189623	0.066893315	0	0	0	0	0	0	0.204815409	0	0	0	0	0.008843537	0.002025658	0.003902808	0.00660494	0.016750144	0.158395336	0.017062988	0.459575856	0.179217817	0.009373267	0.065127464	0.001072628	0.024943847	0.039268202	0.037452277	0.003668234	0.068353732
d__Bacteria;p__Firmicutes;c__Bacilli;o__Lactobacillales;f__Aerococcaceae;g__Aerococcus	0	0	0.002643769	0	0	0	0	0	0	0	0	0	0	0	0	0	0	0	0	0	0	0	0	0	0	0	0	0	0	0	0	0	0	0	0	0	0	0.000145567	0	0	0.000564541	0	0	0.008735931	0	0.033564891
d__Bacteria;p__Proteobacteria;c__Alphaproteobacteria;o__Rickettsiales;f__Mitochondria;g__Mitochondria	0	0	0	0	0	0.00033415	0	0	0	0	0	0	4.46E-05	0	0	5.34E-05	0	0	0	0	0	0	0	0	0	0	0	0	0	0	0	0	0	0	0	0	0	0	0	0	0	0	0.000288434	0	0	0
d__Bacteria;p__Actinobacteriota;c__Coriobacteriia;o__Coriobacteriales;f__Atopobiaceae;g__Coriobacteriaceae_UCG-002	0	0	0.001129816	0	0	0	0	0	0	0.000116139	0.001359599	0.000329767	0.005212975	0.000342258	0.001459502	0	0	0.000310038	0	0	0	0	0	0	0	0	0	0	0	0	0	0.002769734	0	0.001313737	0.008744343	0.000544563	0.008026101	0.003348052	0.00088741	0.003154887	0.000832698	0	0.005191808	0.001386306	0.000303635	0.0056015
d__Bacteria;p__Bacteroidota;c__Bacteroidia;o__Bacteroidales;f__Muribaculaceae;g__Muribaculum	0	0	0.000971642	0	0	0	0	0	0	0	0	0	0	0	0	0	0	0	0	0	0	0.002998726	0	0	0	0	0	0.016697588	0.002496619	0	0.00015582	0.000283268	0.000482553	0	0.008360819	0.000862225	0.026035889	0.004439808	0	0.005052232	0	0.002482563	0.003255182	0.003927868	0.000434936	0.004476789
d__Bacteria;p__Proteobacteria;c__Gammaproteobacteria;o__Burkholderiales;f__Sutterellaceae;g__Parasutterella	0	0	0.001513953	0	0	0	0	0	0	0.000798455	0.002911316	0.002051883	0.011022991	0.000573282	0.001543936	0.000341687	0.000371123	0.001999209	0	0	0	0	0	0	0.027608347	0	0	0.01127444	0	0.004761905	0	0	0	0	0.004333819	0.000726085	0.019249592	0.007448202	0.006156406	0.003563037	7.06E-05	0	0.004079278	0.003102686	0.000541618	0.005039144
d__Bacteria;p__Deferribacterota;c__Deferribacteres;o__Deferribacterales;f__Deferribacteraceae;g__Mucispirillum	0	0.023293939	0.003344255	0.000241763	0.000198906	0.001670751	0	0.000334835	0	0.014677061	0	0.023266891	0.000160399	0.004141318	0.000325674	0.001409458	0	0.02123224	0	0	0	0	0	0	0	0	0	0	0	0	0	0	0.000965105	0.002052714	0.044297001	0.007442367	0.0045677	0	0.000499168	0	0.001030288	0.021397328	0.000535663	0.050281112	0.00587574	0
d__Bacteria;p__Cyanobacteria;c__Cyanobacteriia;o__Chloroplast;f__Chloroplast;g__Chloroplast	0	0.000119227	0.000497119	0	8.29E-05	0	0.000451082	0	0	0	0	0.000183204	0	0	0	0	0	0	0	0	0.001951854	0	0	0	0.003691814	0.120732723	0.001743919	0.146853147	0	0.015419501	5.19E-05	0	0	0	0	0	0.001305057	0	0.001109262	0.000165466	5.65E-05	0	0.001153735	0	0	0
d__Bacteria;p__Actinobacteriota;c__Coriobacteriia;o__Coriobacteriales;f__Eggerthellaceae;g__Enterorhabdus	0.001520157	0.001207171	0.000836064	0	0	0	0.000128881	0.001074264	0	0	0.002541859	0.001832039	0.006576368	0.000402153	0.004269948	0.000352365	0.001010278	0.001945754	0	0	0	0	0	0	0	0	0	0	0	0	0.008362333	0.007018759	0.002322285	0.004598079	0.013269924	0	0.014747145	0.004949294	0	0.001323729	0.000324611	0.001182173	0.000782892	0.003333737	0.000188746	0.003848274
d__Bacteria;p__Firmicutes;c__Clostridia;o__Lachnospirales;f__Lachnospiraceae;g__Lachnospiraceae_UCG-001	0	0	0.004270704	3.45E-05	0	0	0	0.000111612	0	0.005995674	0.000280787	0.022900484	0.001488148	0.001813966	0.000446294	0	0.00010309	0.004725403	0	0.033426184	0	0	0	0	0.002247191	0	0.002845342	0	0	0	0	0	0	0	0.002377848	0.024278453	0	0.008539958	0.007210205	0.002481992	0.000903266	0.023288805	0.009271087	0.049554952	0.023617847	0.002822803
d__Bacteria;p__Actinobacteriota;c__Actinobacteria;o__Bifidobacteriales;f__Bifidobacteriaceae;g__Bifidobacterium	0	0.00017884	0.001355779	0	0	0.00033415	4.83E-05	0	5.82E-05	0	0	0	0	0	0	0	0	0	0	0	0	0	0	0	0	0	0	0	0	0	0.005401756	0.007553821	0.005428718	0.007307661	0.045716039	0.005717916	0.003588907	0.001188801	0.01530782	0.006629676	0.007169673	0.015722899	0.021920969	0.000627139	0.000237984	0.007961186
d__Bacteria;p__Desulfobacterota;c__Desulfovibrionia;o__Desulfovibrionales;f__Desulfovibrionaceae;g__Desulfovibrio	0	0	0	0	0	0	0	0	0	0	0	0	0	0	0	0	0	0	0	0	0	0	0	0	0.284911717	0.098251457	0.07838458	0	0	0	0	0	0	0	0	0	0	0.001455675	0	0	0	0	0.000906506	0	0	0
d__Bacteria;p__Firmicutes;c__Clostridia;o__Lachnospirales;f__Lachnospiraceae;g__Lachnospiraceae_NK4A136_group	0	0.002011952	0.00411253	0	0	0	0	0	0	0.014735131	0.000236452	0.047926132	0.00609517	0.003884625	0.000253302	0.022177613	0.003329794	0.191250521	0	0.052924791	0.012361744	0	0.001378993	0	0.007544141	0	0.014318495	0.019551877	0.005305316	0.075056689	0.00041552	0.000157371	0.002141328	0.001067411	0.131126793	0.059629697	0.014551387	0.027512252	0.028341653	0.002128997	0.00047986	0.024470978	0.014792534	0.049279891	0.016092633	0.000264638
d__Bacteria;p__Actinobacteriota;c__Actinobacteria;o__Micrococcales;f__Micrococcaceae;g__Rothia	0	0	0	0	0	0	0	0	0	0	0	0	0	0	0	0	0	0	0	0	0	0	0	0	0	0	0	0	0	0	0.00038955	0.00022032	0.000211117	0	0	0	0	0.02571692	0	0	0.000832698	0	0	0	3.28E-05	0.000231558
d__Bacteria;p__Firmicutes;c__Clostridia;o__Lachnospirales;f__Lachnospiraceae;g__uncultured	0	0.06772083	0.004993786	0.000259032	0.00048069	0.000185639	0.001417686	0.001911352	0	0.008245866	0.011733932	0.028469881	0.00441989	0.000111234	0.006043061	5.34E-05	0.00029896	0.03665929	0	0.016713092	0.066363045	0	0.003447483	0	0.05858748	0.006661116	0.002937127	0.013415156	0.000728181	0	0.00020776	0	0.002442923	0.000246326	0.047710363	0.018469777	0.01004894	0.010577903	0.002218525	0.0019525	0.000437519	0.009102731	0.004161688	0.06624564	0.013581493	0.000540302
Unassigned;__;__;__;__;__	0.1372398	0.082132372	0.055745114	0.127132693	0.039399967	0.161914309	0.038728594	0.039175747	0.036503991	0	0.011807824	0.241792467	0.077749064	0.008316862	0.029660455	0.024088924	0.02595796	0.018484664	0	0	0	0	0	0	0	0	0	0	0	0	0	0	0	0	0	0	0	0	0	0	0	0	0	0	0	0
d__Bacteria;p__Firmicutes;c__Clostridia;o__Lachnospirales;f__Lachnospiraceae;g__Lachnospiraceae_UCG-006	0	0.000685554	0.000723082	0	0	0	0	0.000251127	0	0.003745481	0.01149748	0.001209146	0.003243629	5.99E-05	0.008503709	0.000395075	0.000154634	0.001764008	0	0	0.007807417	0	0	0	0.027287319	0.023313905	0.001835704	0.027829314	0	0.00430839	0	0	0	0	0.018102324	0.002722817	0.001892333	0.004269979	0.001497504	0.005581724	0.000338725	0.001891477	0.004285302	0.007569673	0.000459555	0.001091631
d__Bacteria;p__Firmicutes;c__Clostridia;o__Lachnospirales;f__Lachnospiraceae;g__Lachnoclostridium	0.0006486	0.026572676	0.001265394	0.000155419	0.000364661	0	0.005574082	0.015820975	8.72E-05	0.007665171	0.041763341	0.004177048	0.012261629	0.000487717	0.014353778	0.001217259	0.000309269	0.015127703	0.024025974	0	0.051398829	0.049104131	0	0.078383128	0.155858748	0.079100749	0.015878844	0.021549879	0.013575367	0	0.004259077	0.002801209	0.004101698	0.017489121	0.016836696	0.000408423	0.009526917	0.00798195	0.008707709	0.00636493	0	0.001182173	0.006922411	0.007503658	0.000516999	0.001510641
d__Bacteria;p__Firmicutes;c__Bacilli;o__Lactobacillales;f__Streptococcaceae;g__Streptococcus	0.001621501	0.020447399	0.004925997	0.014695724	0.0033151	0.016076335	0.004091956	0.003976171	0.006280256	0.000900077	0	0.012201378	0.00292283	4.28E-05	0.000578976	0.007068647	0.00049483	0.000277965	0	0	0	0.0152935	0	0	0.003049759	0	0.003946765	0	0	0	0	0	0	0	7.67E-05	0	0.002610114	0.004536853	0.009761509	0	0.00023993	0.006501951	0.004573736	0	0	0
d__Bacteria;p__Firmicutes;c__Clostridia;o__Lachnospirales;f__Lachnospiraceae;g__Marvinbryantia	0.000912094	0.00257828	0.000316348	0	0	0	0	5.58E-05	0	0.001858223	0.003147768	0.005789242	0.000828729	0.000111234	0.002038478	0.00013881	0	0.011268268	0	0	0	0	0	0	0	0	0.006883892	0	0	0	0	0	0	0	0	0	0.008156607	0.002790043	0.003716029	0.002217246	0.000155249	0	0.00358482	0.003289727	0	0.000198478
d__Bacteria;p__Firmicutes;c__Clostridia;o__Lachnospirales;f__Lachnospiraceae;g__A2	0	0.001803306	0.000248559	0	0	0	0	0.000111612	0	0.003324478	0.001330043	0.002638136	0.000383176	0.000102677	0.00024124	0.001046416	0.0006907	0.037642858	0	0	0	0.006747132	0.067340841	0	0	0.01498751	0	0	0.003536877	0.004761905	0	0	0.000542872	0	0.004103705	0.000907606	0	0.00468242	0.002884082	0	0.000282271	0	0.000700482	0.00235452	0.000344666	0
d__Bacteria;p__Firmicutes;c__Bacilli;o__Lactobacillales;f__Enterococcaceae;g__Enterococcus	0.000547257	0.00026826	0.000180771	0.000224494	0	0	0.000161101	0.000167418	0	0	0	0.000696175	0.000240599	0	0	0	0	0	0	0	0	0	0	0	0	0	0	0	0	0	0	0	0	0	0	0	0.000717781	0.00155272	0	0	0	0.001063956	0.000288434	0	0	0.000176425
d__Bacteria;p__Firmicutes;c__Bacilli;o__Staphylococcales;f__Gemellaceae;g__Gemella	0	0	0	0	0	0	0	0	0	0	0	0	0	0	0	0	0	0	0	0	0	0.038758528	0.016777752	0.060456942	0	0	0	0.024832311	0.005149277	0.03537415	0	0	0	0	0	0	0	0	0	0	0	0	0	0	0	0
d__Bacteria;p__Firmicutes;c__Clostridia;o__Lachnospirales;f__Lachnospiraceae;__	0.0003243	0.02988122	0.002259632	0.000103613	0	0.002042029	0.001014934	0.002608926	0	0.033201225	0.003738898	0.086032537	0.015549813	0.00788904	0.00150775	0.000160166	0.000577302	0.05666207	0	0	0.039037085	0.000974586	0.047805102	0.002811951	0.020545746	0	0.006792106	0.021407164	0.002288568	0	0.00028567	0.00022032	0.005398558	0	0.055112372	0.014839354	0.002544861	0.005555825	0.011980033	0.004235933	0.001256104	0.043858612	0.020066752	0.031488959	0.02020401	0.00073878
d__Bacteria;p__Firmicutes;c__Clostridia;o__Oscillospirales;f__Oscillospiraceae;g__uncultured	0.000101344	0.002995574	0.000384137	0.000224494	0	0	0.000128881	6.98E-05	0	0.007432893	0	0.013703649	0.000650508	0.000282363	6.03E-05	0.00013881	4.12E-05	0.026663246	0	0	0.14638907	0	0.030337853	0	0.001284109	0	0.003946765	0	0.000520129	0	0	0	0.002774678	0	0.020595229	0.004946451	0.000261011	0.001504197	0.001830283	0.000264746	0.000437519	0.009693817	0	0.014721253	0.002125442	6.62E-05
d__Bacteria;p__Firmicutes;c__Clostridia;o__Lachnospirales;f__Lachnospiraceae;g__Agathobacter	0	0	0	0	0	0	0	0	0	0	0	0	0	0	0	0	0	0	0	0	0	0	0	0	0	0	0	0	0	0	0	0	0	0.00114952	0	0.000544563	0.007504078	0.013198117	0.05124792	0	0	0.023998109	0.025794223	0	6.57E-05	0
d__Bacteria;p__Firmicutes;c__Clostridia;o__Oscillospirales;f__Oscillospiraceae;g__Oscillibacter	0.000304031	0.001594659	0.000135578	0	0	0	6.44E-05	0	0	0.004631041	0.000266009	0.019529532	0.000712885	0.00050483	0.000229178	0	0.000113399	0.027080193	0	0.022284123	0.033832141	0	0.025741209	0	0	0	0	0	0	0	0	0	0.000180957	0	0.009933267	0.00158831	0.000391517	0.000800621	0.001830283	9.93E-05	0	0.00260078	0	0.004147917	0.00042673	3.31E-05
d__Bacteria;p__Bacteroidota;c__Bacteroidia;o__Bacteroidales;f__Bacteroidaceae;g__Bacteroides	0	0.016378784	0	0.0002763	0	0.00033415	0.0024004	0.00027903	0	0.00502301	0.000310343	0.025978309	0.001612903	0.000479161	0	0	0	0.023220758	0	0	0.016265452	0	0.006435302	0	0	0	0	0	0	0	0.0002597	0	0	0.000410543	0.00176421	0.000726085	0.010766721	0.01382891	0.076927343	0.000187528	0.000366952	0.03002719	0.032757839	0.000429095	0.000164127	0
d__Bacteria;p__Firmicutes;c__Clostridia;o__Lachnospirales;f__Lachnospiraceae;g__Blautia	0	0.012652946	0	0	9.95E-05	0.000742556	0	0.00047435	0	0.005110114	0	0.020298989	0.000757441	0.000539056	0.00024124	3.20E-05	0	0.00860622	0	0	0	0	0	0	0	0	0	0	0	0	0.001739989	0.000314743	0.004101698	0	0.001994324	0.000363042	0.015399674	0.017419574	0.091569606	0.000132373	0.004389308	0.064901289	0.04215254	0.001012224	0.000164127	0.000176425
d__Bacteria;p__Firmicutes;c__Bacilli;o__Erysipelotrichales;f__Erysipelatoclostridiaceae;g__Candidatus_Stoquefichus	0	0	0	0	0	0	0	0	0	0	0	0	0.000106933	0	0	0	0	0.000662839	0	0	0	0	0	0	0	0	0	0	0	0	0	0	0	0	0.000575286	0	0.006199021	0.001407152	0.000332779	0.000121342	0	0	0.000206024	0.000231051	0	0.000407983
d__Bacteria;p__Firmicutes;c__Clostridia;o__Oscillospirales;f__Ruminococcaceae;g__Incertae_Sedis	0	0.00307009	0.000723082	0	0	0	0.000370531	0.000823137	0	0.00137915	0.000443348	0.003554155	0.000329709	1.71E-05	0.000566914	0.000213554	0.000412358	0.021050493	0	0	0.002602472	0	0	0	0.002407705	0	0	0.002854289	0	0	0	0.000125897	0.001598456	0.001395845	0.006711667	0.000907606	0.000326264	0.000412441	0.001275652	8.82E-05	0	0.002718998	0.00119494	0.002530559	0.001058618	0.001201897
d__Bacteria;p__Firmicutes;c__Clostridia;o__Oscillospirales;f__Ruminococcaceae;g__CAG-352	0	0	0	0	0	0	0	0	0	0	0	0	0	0	0	0	0	0	0	0	0	0	0	0	0	0	0	0	0	0	0	0.000125897	0	0	0	0.000680704	0.004306688	0.00994711	0.051469773	0	9.88E-05	0.019624069	0.016399522	0	0	0
d__Bacteria;p__Firmicutes;c__Clostridia;o__Lachnospirales;f__Lachnospiraceae;g__[Eubacterium]_ventriosum_group	0	0	0	0	0	0	0	0	0	0.002453436	0.0003399	0.000146563	0.000819818	0.000171129	0	0.000245587	7.22E-05	0.015266686	0	0	0	0	0	0	0	0	0	0	0	0	0	0	0	0	0	0	0	0.000242612	0	0	0	0	0.001318555	0	0	0
d__Bacteria;p__Firmicutes;c__Clostridia;o__Lachnospirales;f__Lachnospiraceae;g__Roseburia	0.000222956	0.01605091	0.001242797	8.63E-05	0	0.001188089	0	0	0.000101763	0.002671196	0.000812804	0.012457863	0.003858492	0.001685619	0.000615162	8.54E-05	0	0.00972877	0	0	0	0	0.044357619	0	0.002889246	0	0	0	0	0	0	9.44E-05	0.000271436	0	0.025350924	0.005808677	0.000587276	0.000485225	0.003771492	0	0.000211703	0.03262797	0.001813012	0.011783604	0.012957811	0.000198478
d__Bacteria;p__Firmicutes;c__Bacilli;o__Erysipelotrichales;f__Erysipelatoclostridiaceae;g__Erysipelatoclostridium	0	0.000417294	0	0.000431719	0	0	4.83E-05	0	0	0.000406486	0	0.001868679	0.000908929	3.42E-05	0.000132682	3.20E-05	2.06E-05	0	0	0.114206128	0	0	0	0	0	0	0	0	0	0	0.00012985	0	0	0	0	0	0.001305057	0.000873405	0.004048808	7.72E-05	0	0.005910864	0.001153735	0	0	0
d__Bacteria;p__Desulfobacterota;c__Desulfovibrionia;o__Desulfovibrionales;f__Desulfovibrionaceae;g__Bilophila	0	0.003040284	0	0	4.97E-05	0.000482661	0	0.000111612	0	0	0	0	0	0	0	0	5.15E-05	0.001314988	0	0	0.14964216	0	0.03723282	0	0	0	0	0	0	0	0	0	0.001055584	0.001806388	0.003566771	0.001225268	0	0.00058227	0.002717693	0.000176497	4.23E-05	0.004846909	0.001524579	0.00158435	0.000459555	5.51E-05
d__Bacteria;p__Firmicutes;c__Clostridia;o__Lachnospirales;f__Lachnospiraceae;g__[Eubacterium]_xylanophilum_group	0	0	0.000180771	0	0	0	0	0	0	0.002119536	0.002778311	0.008354096	0.000819818	0.000128347	0.001073518	0	0	0.003891508	0	0	0	0	0	0	0.011075441	0	0	0.002854289	0	0	0	0	0	0	0.011659124	0.002858958	0.00365416	0.000558009	0.001885746	0.001036921	0.00023993	0	0.001236145	0.00447799	0.000722158	0.000540302
d__Bacteria;p__Proteobacteria;c__Gammaproteobacteria;o__Enterobacterales;f__Enterobacteriaceae;g__Escherichia-Shigella	0.000141881	0.000700458	0	0.000120881	0	0.001559367	0	0.000209272	0	0.011120305	0	0	0	0.000128347	0	0	0	0	0	0	0	0	0.004596644	0	0	0	0	0	0	0	0	0	0	0	0	0	0	0.0019409	0	5.52E-05	0	0	0.001854217	0	0	0
d__Bacteria;p__Firmicutes;c__Clostridia;o__Clostridia_UCG-014;f__Clostridia_UCG-014;g__Clostridia_UCG-014	0.0006486	0.005395013	0.000610101	0	0.000232057	0	0.003060912	0.000627816	0	0.002700231	0.001714277	0.008244174	0.001407949	0.000427822	0.00096496	0	0	0.003805981	0	0	0.007156799	0.000374841	0	0	0.002568218	0	0	0.020693592	0.000832206	0	0	0	0	0	0.008514229	0.000907606	0.003393148	0.003784754	0.007043816	0.001831158	9.88E-05	0.005319778	0.005315423	0.002288506	0.000467761	0.001279083
d__Bacteria;p__Bacteroidota;c__Bacteroidia;o__Bacteroidales;f__Prevotellaceae;g__Prevotellaceae_NK3B31_group	0	0	0.000293752	0	0	0	4.83E-05	0	0	0	0	0	0	0	0	0	0	0	0	0	0	0	0	0	0	0	0	0	0	0	0.00015582	0	0	0	0.014612257	0.00317662	0.001109299	0.00097045	0.00177482	0	0	0.001891477	0	0.003586793	0.000623682	0
d__Bacteria;p__Firmicutes;c__Clostridia;o__Lachnospirales;f__Lachnospiraceae;g__Lachnospiraceae_FCS020_group	0	0	0	0	0	0	0	9.77E-05	0	0.001524324	0	0.003077825	0.000124755	0	0.000108558	0.000384398	0.000123708	0.013363696	0	0	0	0	0	0	0	0	0	0	0	0	0	0	0.000482553	0	0.001188924	0.000862225	0.001631321	0.000994711	0.004658902	0	0	0	0	0.002684593	0.002978901	0
d__Bacteria;p__Firmicutes;c__Clostridia;o__Lachnospirales;f__Lachnospiraceae;g__Dorea	0	0.003487384	0	0	0	0	0	0.001492808	0	0.000667799	0.002246294	0.001758757	0.000703974	0	0.000892588	0	0.000164943	0	0	0	0	0	0	0	0.012359551	0.01582015	0	0	0	0	0	0	0	0	0.000997162	0.000136141	0.001109299	0.002207773	0.009095951	0.000319901	0	0.012294597	0.00247229	0.000583129	0.000106682	0.000672621
d__Bacteria;p__Firmicutes;c__Clostridia;o__Lachnospirales;f__Lachnospiraceae;g__Fusicatenibacter	0	0	0	0	0	0	0	0	0	0	0	0	0	0	0	0	0	0	0	0	0	0	0	0	0	0	0	0	0	0	0	0	0	0	0	0	0.00228385	0.00545878	0.028341653	0.000110311	0.000155249	0.01087599	0.015946269	0	0	0
d__Bacteria;p__Firmicutes;c__Clostridia;o__Oscillospirales;f__Ruminococcaceae;g__Faecalibacterium	0	0.000104323	0	0	0	0	0	0	0	0	0	0	3.56E-05	0	0	0	0	0	0	0	0	0	0	0	0	0	0	0	0	0	0.000779099	0	9.05E-05	0.001477954	0	0.000907606	0.012463295	0.015939638	0.076317249	0.000341963	0	0.0287268	0.033417116	0	0	0
d__Bacteria;p__Firmicutes;c__Clostridia;o__Oscillospirales;f__Oscillospiraceae;g__Colidextribacter	8.11E-05	0.000804781	0	0	0	0	0	8.37E-05	0	0.00281637	0	0.010552543	0.000160399	9.41E-05	8.44E-05	0	0	0.01184558	0.046103896	0	0.104098894	0	0.113077453	0	0	0	0	0	0	0	0	0	0.001146063	0	0.011313953	0.002995099	0	0.001285846	0.002551303	0	0	0.002009694	0.00119494	0.004312953	0.000837047	0
d__Bacteria;p__Bacteroidota;c__Bacteroidia;o__Bacteroidales;f__Rikenellaceae;g__Alistipes	0	0	0.00128799	8.63E-05	0	0	0	0	0	0.001538841	0.000221674	0.006192291	0	0.000111234	4.82E-05	0	0	0.029047329	0	0	0.004554327	0	0	0	0	0	0.001560349	0	0	0	0	0	0.001055584	0.000821085	0.021937562	0.003630423	0.002088091	0.002183512	0.008430394	0.000176497	0	0.007447689	0.004985784	0.01285084	0.001854633	0
d__Bacteria;p__Firmicutes;c__Clostridia;o__Oscillospirales;f__Butyricicoccaceae;g__Butyricicoccus	0	7.45E-05	0	0	0	0	0	0	0	0.000856525	0	0.001355709	5.35E-05	4.28E-05	0	0	0	0.002640666	0	0	0	0	0	0	0	0	0	0.004566862	0	0	0	0	0	0	0.003451714	0.000680704	0.000848287	0	0.00249584	0	0	0.002246128	0.00247229	0.003542783	0.001419697	0.000110266
d__Bacteria;p__Firmicutes;c__Clostridia;o__Oscillospirales;f__[Eubacterium]_coprostanoligenes_group;g__[Eubacterium]_coprostanoligenes_group	0	0.001520142	0	0	0	0	0	0	0	0.001132355	0.000517239	0.005459475	0.000472287	8.56E-05	0	0	0	0.00524926	0	0.011142061	0	0.002773821	0	0	0	0	0	0	0	0	0	6.29E-05	0.000753989	0	0.003911943	9.08E-05	0	0.002086467	0.008208541	8.82E-05	0	0.00130039	0.003543615	9.90E-05	5.74E-05	0
d__Bacteria;p__Firmicutes;c__Clostridia;o__Oscillospirales;f__Oscillospiraceae;__	0	0.001222075	0	0	0	0	0	0	0	0.000638764	0	0.002088524	5.35E-05	0	0	0	6.19E-05	0.003346269	0	0	0.063760573	0	0.048034934	0	0	0	0	0	0	0	0	0.000251794	0.001809573	0	0.003643476	0	0	0	0.000332779	0.000187528	0.000112908	0.003546519	0.000535663	0.00122127	0.00058265	0.000132319
d__Bacteria;p__Firmicutes;c__Bacilli;o__Erysipelotrichales;f__Erysipelotrichaceae;__	0	0	0	0	0	0	0	0	0	0	0	0	2.67E-05	0	0	0	0	0	0	0	0	0	0	0	0	0	0	0	0	0	0	0	0	0	0.000613638	0	0.003849918	0.00135863	0	0	0	0	0	0	0	0
d__Bacteria;p__Firmicutes;c__Clostridia;o__Lachnospirales;f__Lachnospiraceae;g__ASF356	0	0	0	0	0	0	0	0	0	0.002714748	0	0.001612194	0.000686152	0	0	0.000544563	5.15E-05	0.010915467	0	0	0	0	0	0	0	0	0	0.002711574	0	0.001587302	7.79E-05	0	0	0	0	0.001361409	0.002022838	0.000873405	0	4.41E-05	0	0.001773259	0.000206024	0.00036308	0.000837047	0
d__Bacteria;p__Bacteroidota;c__Bacteroidia;o__Bacteroidales;f__Prevotellaceae;g__Prevotellaceae_UCG-001	0	0	0	0	0	0	0	0	0	0.001074285	0	0.005386194	0.000106933	5.13E-05	0.00012062	0	0	0.00112255	0	0	0	0	0	0	0	0	0	0	0	0	7.79E-05	0	0	0	0.007517067	0.00154293	0	0.000363919	0	0	0	0.001418607	0	0.00248655	0.000418523	0
d__Bacteria;p__Firmicutes;c__Clostridia;o__Oscillospirales;f__Oscillospiraceae;g__Intestinimonas	0	0.004754169	0.000338945	3.45E-05	0	0	8.06E-05	0.000613865	0	0.000217761	0	0.000989301	6.24E-05	0	0	0	0	0.001379133	0	0	0	0	0.007124799	0	0	0	0	0	0	0	0	0	0.000452393	0	0.002876429	0.000589944	0	0.000218351	0.000831947	0	0	0	0	0.004775055	0	5.51E-05
d__Bacteria;p__Firmicutes;c__Clostridia;o__Monoglobales;f__Monoglobaceae;g__Monoglobus	0	0	0	0	0	0	0	0	0	0	0	0.000183204	6.24E-05	0	0	0	0	0.000128291	0	0	0	0	0	0	0.013001605	0.01498751	0.001468564	0.013272442	0	0	0	0	0	0	0	0	0	0.001237323	0.00177482	0.000286808	0.000112908	0.00390117	0.001565784	0.000176039	0.000410317	0.000584408
d__Bacteria;p__Firmicutes;c__Clostridia;o__Christensenellales;f__Christensenellaceae;g__Christensenellaceae_R-7_group	0	0	0	0	0	0	0	0	0	0	0	0.000512971	0.000106933	0	0	0	0	0.000181746	0	0	0	0	0	0	0	0	0	0	0	0	0	0	0	0	0	0.000363042	0.001696574	0.004852249	0.023682751	0	0	0.022815936	0.014339281	0	0	0
d__Bacteria;p__Firmicutes;c__Clostridia;o__Oscillospirales;f__Ruminococcaceae;g__Ruminococcus	0	0	0.000338945	0	0	0	0	0	0	0.000203243	0	0.003590796	0	0	0	0	0	0.001133241	0	0	0	0	0	0	0	0	0	0	0	0	0	0	0	0	0.000536933	0	0.005089723	0.00798195	0.035662784	8.82E-05	0.000268157	0.019742286	0.014916148	0.001837406	0.001395078	0.000275664
d__Bacteria;p__Firmicutes;c__Clostridia;o__Lachnospirales;f__Lachnospiraceae;g__[Eubacterium]_ruminantium_group	0	0	0	0	0	0	0	0	0	0	0	0	0	0	0	0	0	0	0	0	0	0	0	0	0	0	0	0	0	0	0	0	0	0	0	0	0.003132137	0.002498908	0.016694398	0	0	0.004728691	0.008817833	0	0	4.41E-05
d__Bacteria;p__Firmicutes;c__Bacilli;o__Erysipelotrichales;f__Erysipelatoclostridiaceae;g__Erysipelotrichaceae_UCG-003	0	0	0	0	0	0	0	0	0	0	0	0	0	0	0	0	0	0	0	0	0	0	0	0	0	0	0	0	0	0	0	0	0	0	0	0	0	0.001892377	0.012978369	8.82E-05	0.000324611	0.006620168	0.01075446	0	0	0
d__Bacteria;p__Firmicutes;c__Clostridia;o__Lachnospirales;f__Lachnospiraceae;g__Coprococcus	0.000304031	0	0	0	0	0	0	0	0	0	0	0	0	0	0	0	0	0	0	0	0	0	0	0	0	0	0	0	0	0	0.00031164	0	0	0.000328434	0	0.000181521	0.003523654	0.001431413	0.02224071	0	0.000296384	0.028963234	0.00964193	0	0	0
d__Bacteria;p__Firmicutes;c__Bacilli;o__Acholeplasmatales;f__Acholeplasmataceae;g__Anaeroplasma	0	0	0.000180771	0	0	0	0	0	0	7.26E-05	0	0.001392349	4.46E-05	4.28E-05	0	0	0	0	0	0	0	0	0	0	0	0	0	0	0	0	0	0	0	0	0.005484391	0.004038846	0	0	0.000998336	0	0	0.000591086	0	0.002596574	0.00042673	0
d__Bacteria;p__Bacteroidota;c__Bacteroidia;o__Bacteroidales;f__Rikenellaceae;g__Rikenellaceae_RC9_gut_group	4.05E-05	0.000924008	0	0	0	0	4.83E-05	0	0	0.000304865	0	0.002528213	0	0	0	0	0	0.003709762	0.012987013	0	0.020819779	0	0.005745806	0	0	0	0	0	0	0	0	0	0	0	0	0	0	0	0	0	0	0	0	0	0	0
d__Bacteria;p__Firmicutes;c__Clostridia;o__Oscillospirales;f__Ruminococcaceae;g__Anaerotruncus	0	0.000163937	0	0	0	0	0	0	0	0.000508108	0	0.00047633	0.000311887	0	0	0	0	0.000406256	0	0	0	0	0	0	0	0	0	0	0	0	0	0	0	0	0	0.001089127	0	0	0	0	0	0.008511644	0	0.00036308	0.003134822	0
d__Bacteria;p__Firmicutes;c__Clostridia;o__Clostridia_vadinBB60_group;f__Clostridia_vadinBB60_group;g__Clostridia_vadinBB60_group	0	0	0.000203367	0	0	0	0	0	0	0.001727567	0	0.00806097	0.000712885	0.000196798	0	0	0	0.024097416	0	0	0	0	0	0	0	0	0	0	0	0.001133787	0	0	0	0	0.004678991	0.002949719	0.000130506	0	0.000332779	0	0	0.001063956	0.000988916	0.003267722	0.000237984	0
d__Bacteria;p__Firmicutes;c__Clostridia;o__Lachnospirales;f__Lachnospiraceae;g__[Eubacterium]_hallii_group	0	0	0	0	3.32E-05	0	0	0	0	0	0	0	0	0	0	0	0	0	0	0	0	0	0	0	0	0	0	0	0	0	0	0	0	0.00057476	0	0	0.001696574	0.002377602	0.010981697	4.41E-05	4.23E-05	0.011703511	0.005315423	0	0	6.62E-05
d__Bacteria;p__Proteobacteria;c__Gammaproteobacteria;o__Pseudomonadales;f__Moraxellaceae;g__Acinetobacter	0	0.00022355	0	0	0	0	0.000322201	0	0	0	0	0	8.91E-05	0	0	0	0	0	0.002597403	0	0	0	0	0	0	0.002497918	0	0	0	0	0	0	0	0.000821085	0	0	0.000848287	0.001237323	0.005213533	0	0.000197589	0.03132758	0.014545305	5.50E-05	5.74E-05	0
d__Bacteria;p__Bacteroidota;c__Bacteroidia;o__Bacteroidales;f__Tannerellaceae;__	0	0.004068615	0	0	0	0	0	0	0	0.000116139	0.000103448	0	0.000409909	0	0	0	0	0.000299347	0	0	0.016265452	0	0	0	0	0	0	0	0	0	0	0	0	0	0.00095881	0.000272282	0	0.000509486	0	3.31E-05	0	0	0.000535663	0.000198044	3.28E-05	0
d__Bacteria;p__Firmicutes;c__Clostridia;o__Oscillospirales;f__Ruminococcaceae;g__Subdoligranulum	0	0	0.000135578	0	0	0	0	0	0	0	0	0	0	0	0	0	0	0	0	0	0	0	0	0	0	0	0	0	0	0	7.79E-05	0	0	0	0	0	0	0.005701393	0.016694398	3.31E-05	0.000197589	0.012885684	0.007828918	0	0	0
d__Bacteria;p__Bacteroidota;c__Bacteroidia;o__Bacteroidales;f__Prevotellaceae;g__Prevotella	0	0	0	0	0	0	4.83E-05	0	0	0	0	0	0	0	0	0	0	0	0	0	0	0	0	0	0	0	0	0	0	0	0	0	0	0	0	0	0.003132137	0.002450386	0.011702718	0	0	0.021160894	0.006386749	0	0	0
d__Bacteria;p__Firmicutes;c__Negativicutes;o__Veillonellales-Selenomonadales;f__Veillonellaceae;g__Dialister	0	0	0	0	0	0	0	0	0	0	0	0	0	0	0	0	0	0	0	0	0	0	0	0	0	0	0	0	0	0	0	0	0	0	0	0	0.002022838	0.000800621	0.009317804	0	0.000112908	0.007802341	0.006469158	0	0	0
d__Bacteria;p__Cyanobacteria;c__Vampirivibrionia;o__Gastranaerophilales;f__Gastranaerophilales;g__Gastranaerophilales	0	0	0.000112982	0	0	0	0	2.79E-05	0	0.001509806	0	0.006265572	0.000721796	0.000188242	0	0	0	0.002426847	0	0	0	0	0	0	0	0	0.000275356	0	0	0	0	0	0	0	0.001534095	0.000816845	0	0.000169829	0.002606767	0	0	0.002837215	0.000288434	0.001144253	0.000303635	0
d__Bacteria;p__Bacteroidota;c__Bacteroidia;o__Bacteroidales;f__Marinifilaceae;g__Odoribacter	0	0	0	0	0	0	0	0	0	0.000696834	4.43E-05	0.004030485	0	0	0	7.47E-05	0	0.002662048	0	0	0.009759271	0	0	0	0	0	0	0	0	0	0	0	0	0	0	0	0	0.000849144	0.000665557	0	0	0	0	0	0	0
d__Bacteria;p__Firmicutes;c__Clostridia;o__Oscillospirales;f__Ruminococcaceae;g__UBA1819	0	0.000193744	9.04E-05	0	0	0	0	0	0	0	0	0	8.02E-05	5.13E-05	0	0	0	0	0	0	0	0	0	0	0	0	0	0.004138718	0	0	0	0	0	0	0.001035514	0.000272282	0	0	0.003549639	0	0	0.001655042	0.000618072	0.000550122	4.92E-05	4.41E-05
d__Bacteria;p__Firmicutes;c__Clostridia;o__Oscillospirales;f__Ruminococcaceae;g__[Eubacterium]_siraeum_group	0	0	0	0	0	0	0	4.19E-05	0	0.000754903	0	0.003187747	0	1.71E-05	0	0	0	0.00256583	0	0	0	0	0	0	0	0	0	0.004566862	0	0	0	0	0	0	0	0	0	0	0.000776484	0	0	0.000354652	0	0	0	0
d__Bacteria;p__Actinobacteriota;c__Coriobacteriia;o__Coriobacteriales;f__Coriobacteriaceae;g__Collinsella	0	0	0	0	0	0	0	0	0	0	0	0	0	0	0	0	0	0	0	0	0	0	0	0	0	0	0	0	0	0	0	0	0	0	0	0.000181521	0.001174551	0.001916638	0.009206877	0	0.000127022	0.004610474	0.002843133	0	0	5.51E-05
d__Bacteria;p__Firmicutes;c__Clostridia;o__Peptostreptococcales-Tissierellales;f__Anaerovoracaceae;g__Family_XIII_UCG-001	0	0	0.000158174	0	0	0	0	0	0	0.000101622	0	0.001062582	0	0	0	0	0	0.000726985	0	0	0	0	0	0	0	0.002497918	0	0	0	0	0	0	0	0	0.000882105	0	0	0	0.000443705	0	0	0	0.000412048	0.000396088	0	0
d__Bacteria;p__Proteobacteria;c__Alphaproteobacteria;o__Rhodospirillales;f__uncultured;g__uncultured	0	0	0	5.18E-05	0	0	0	0	0	0	0	0	0	6.85E-05	0	0	0	0.000470402	0	0	0	0	0	0	0	0	0	0	0	0	0	0	0	0	0.004027	0	0	0.001382891	0.002717693	0	0	0	0.00119494	0.000286063	0.000180539	0
d__Bacteria;p__Firmicutes;c__Clostridia;o__Oscillospirales;f__Butyricicoccaceae;g__UCG-009	0	0	9.04E-05	0	0	0	0	0	0	0.00027583	0	0.000806097	0	0	0	0	2.06E-05	0.001657098	0	0	0.006506181	0	0	0	0	0	0	0	0	0	0	0	0	0	0.002377848	0	0	0	0	0	0	0.001182173	0	0.000517114	8.21E-05	0
d__Bacteria;p__Firmicutes;c__Clostridia;o__Peptostreptococcales-Tissierellales;f__Anaerovoracaceae;g__[Eubacterium]_brachy_group	0	0	6.78E-05	0	0	0	0	0.000209272	0	0.000116139	0.000266009	0.000146563	0.000400998	0	0	0	0	0.000203128	0	0	0	0	0	0	0	0	0	0	0	0	0	0	0	0	0.000498581	0.000408423	0	0	0	0	0	0	0	0.000209046	0	0.000132319
d__Bacteria;p__Actinobacteriota;c__Actinobacteria;o__Micrococcales;f__Microbacteriaceae;g__Curtobacterium	0	0	0	0	0	0	0	0	0	0	0	0	0	0	0	0	0	0	0	0	0	0	0	0	0	0	0	0.019551877	0	0	0	0	0	0	0	0	0	0	0	0	0	0	0	0	0	0
d__Bacteria;p__Firmicutes;c__Clostridia;o__Lachnospirales;f__Lachnospiraceae;g__Anaerostipes	0	0	0	0	0	0	0	0	0	0	0	0	0	0	0	0	0	0	0	0	0	0	0	0	0	0	0	0	0	0	0	0	0	0	0	0	0	0.000921927	0.005934554	0	0	0.008156993	0.005068194	2.20E-05	4.10E-05	0
d__Bacteria;p__Desulfobacterota;c__Desulfovibrionia;o__Desulfovibrionales;f__Desulfovibrionaceae;g__uncultured	0	0.00289125	0	0	0	0	0.000209431	0.000864992	0	0	0	0.000696175	0	4.28E-05	7.24E-05	0	0	0.000149673	0	0	0	0	0	0	0	0	0	0	0	0	0	0	0	0	0	0	0	0	0	0	0	0	0	0	0	0
d__Bacteria;p__Firmicutes;c__Clostridia;o__Peptostreptococcales-Tissierellales;f__Peptostreptococcaceae;g__Peptostreptococcus	0	0	0	0	0	0	0	0	0	0	5.91E-05	0	0.000151488	0	0	0.000181521	0	0	0	0	0	0	0	0	0	0	0	0	0	0	0	0	0	0	0	0	0	0.002547431	0	0	0	0	0	0	0	0
d__Bacteria;p__Firmicutes;c__Clostridia;o__Lachnospirales;f__Lachnospiraceae;g__[Ruminococcus]_torques_group	0	0	0	0	0	0	0	0	0	0	0	0	0	0	0	0	0	0	0	0	0	0	0	0	0	0	0	0	0	0	0	0	0	0	0	0	0.000717781	0.002887088	0.008208541	0	0	0.004374039	0.005480242	0	0	0
d__Bacteria;p__Firmicutes;c__Clostridia;o__Eubacteriales;f__Anaerofustaceae;g__Anaerofustis	0	0.000104323	0	0	0	0	8.06E-05	5.58E-05	0	0	0.000236452	0.000512971	0.000400998	0	0.000205054	0	0	0.00022451	0	0	0	0	0	0	0	0	0	0	0	0	0	0	0	0	0	0	0	0	0	0	0	0	0	5.50E-05	0	5.51E-05
d__Bacteria;p__Firmicutes;c__Clostridia;o__Lachnospirales;f__Lachnospiraceae;g__Lachnospiraceae_UCG-004	0	0.000983621	0	0	0	0	0	0	0	0	0	0.000879379	0	0	0	0	0	0.000513166	0	0	0	0	0	0	0	0	0	0	0	0	0	0	0	0	0	0	0	0	0.000332779	0	0	0	0.000659277	0.000121027	0	0
d__Bacteria;p__Firmicutes;c__Clostridia;o__Lachnospirales;f__Lachnospiraceae;g__Acetatifactor	0	0.002205696	0.000271156	0	0	0	3.22E-05	0	0	0.000391969	0	0.002454932	0	0	0	0	0	0.00022451	0	0	0	0	0	0	0	0	0	0	0	0	0	0	0	0	0.001073867	0	0	0	0	0	0	0	0	0.001419314	0	0
d__Bacteria;p__Patescibacteria;c__Parcubacteria;o__Candidatus_Azambacteria;f__Candidatus_Azambacteria;g__Candidatus_Azambacteria	0	0.000253357	0.000384137	0.000448988	0	0.000779684	0.000257761	0	0.000145376	0	0	0	0	0	0	0	0	0	0	0	0	0	0	0	0	0	0	0	0	0	5.19E-05	0	0	0	0	0	0	0.000897666	0.002384914	0	0	0.000945738	0.00111253	0	0	0
d__Bacteria;p__Firmicutes;c__Bacilli;o__Erysipelotrichales;f__Erysipelotrichaceae;g__uncultured	0	0	0	0	0	0	0	0	0	7.26E-05	8.87E-05	0	0.000356443	4.28E-05	0.000337736	0.000405753	0.001082441	0.000908731	0	0	0	0	0	0	0	0	0	0	0	0	0	0	0	0	0.000383524	0.001679071	0.000261011	0	0	3.31E-05	0	0.000354652	0.000453253	0.000209046	0.000114889	6.62E-05
d__Bacteria;p__Firmicutes;c__Clostridia;o__Lachnospirales;f__Lachnospiraceae;g__GCA-900066575	0	0.001400915	9.04E-05	0	0	0	0	0	0	0.000653282	0	0.003261029	0.000124755	0	9.65E-05	0	0	0.002287865	0	0	0.01366298	0	0	0	0.000963082	0	0	0	0	0	7.79E-05	9.44E-05	0.000874627	0	0.001227276	0.000317662	0	0.000460964	0.000166389	0	9.88E-05	0	0.000164819	0.000517114	0	0
d__Bacteria;p__Firmicutes;c__Clostridia;o__Lachnospirales;f__Lachnospiraceae;g__Lachnospiraceae_ND3007_group	0	0	0	0	0	0	0	0	0	0	0	0	0	0	0	0	0	0	0	0	0	0	0	0	0	0	0	0	0	0	0	0	0	0	0	0.000136141	0	0	0.007432058	0	8.47E-05	0.002718998	0.002348675	0	0	0
d__Bacteria;p__Firmicutes;c__Bacilli;o__RF39;f__RF39;g__RF39	0	0.000149034	6.78E-05	0	0	0	3.22E-05	9.77E-05	0	0.000348417	0.000103448	0.001025942	0.000356443	5.13E-05	2.41E-05	0	0	0.00010691	0	0	0	0	0	0	0	0	0	0	0	0	0	0	0	0	0	0.000317662	0.001435563	0.001116017	0.001497504	5.52E-05	0	0.001536825	0	0.000792175	6.57E-05	0
d__Bacteria;p__Firmicutes;c__Clostridia;o__Lachnospirales;f__Lachnospiraceae;g__Tuzzerella	0	0.000432197	0	5.18E-05	0	0	9.67E-05	0	0	0	0	0	0	0	0	0	0	0.00044902	0	0	0.018217306	0	0	0	0	0	0	0	0	0	0	0	0.000392074	0	0.000575286	0	0	0	0.000499168	0	0	0	0	0.000220049	0.00015592	0
d__Bacteria;p__Firmicutes;c__Clostridia;o__Peptococcales;f__Peptococcaceae;g__uncultured	0	0.00022355	0	0	0	0	0	0	0	0.00027583	7.39E-05	0.000769456	0.000151488	0	0	0	0	0.000523857	0	0	0	0	0	0	0.001123596	0	0	0	0	0	0	0	0	0	0.000345171	0.000226901	0	0.000145567	0.000388242	0	0	0	0.000288434	0.000242053	4.92E-05	3.31E-05
d__Bacteria;p__Proteobacteria;c__Gammaproteobacteria;o__Burkholderiales;f__Oxalobacteraceae;g__Massilia	0	0	0	0	0	0	0.000982714	0	0	0	0	0	0	0	0	0	0	0	0	0	0	0	0	0	0	0	0	0	0	0	0	0	0	0	0	0	0	0	0	0	0	0.006620168	0.003955664	0	0	0
d__Bacteria;p__Actinobacteriota;c__Coriobacteriia;o__Coriobacteriales;f__Eggerthellaceae;g__Gordonibacter	0	0	0	0	0	0	0	0	0	0	0.000206896	0	0.000507931	0	0.00018093	0.000106777	0	0.000470402	0	0	0	0	0	0	0	0	0	0	0	0	0	0	0	0	0	0	0	0	0	0	0	0	0	0	0	0
d__Bacteria;p__Actinobacteriota;c__Coriobacteriia;o__Coriobacteriales;f__Eggerthellaceae;__	0	0	0	0	0	0	0	0	0	0.000116139	0.000413791	0	0.00058813	3.42E-05	0.000410108	0	4.12E-05	0	0	0	0	0	0	0	0	0	0	0	0	0	0	0	0	0	0	0	0	0	0	0	0	0	0	0	0	0
d__Bacteria;p__Proteobacteria;c__Gammaproteobacteria;o__Pseudomonadales;f__Moraxellaceae;g__Enhydrobacter	0	0	9.04E-05	0	0	0.000297022	0.001143815	0.000153466	0	0	0	0	0	0	0	3.20E-05	0	0	0	0	0	0	0.004596644	0	0	0	0	0	0	0	0	0	0	0	0	0	0	0	0	0	0	0.000591086	0	0	0.000172333	0
d__Bacteria;p__Firmicutes;c__Clostridia;o__Oscillospirales;f__Oscillospiraceae;g__UCG-005	0	7.45E-05	0	0.000120881	0	0	0	0	0	0	0	0.000512971	4.46E-05	0	0	0	0	0.000791131	0	0	0	0	0	0	0	0	0	0	0	0	0	0	0	0	0.000613638	0.000408423	0.001631321	0.001504197	0.003993344	0	0	0.002837215	0.002101446	0.000187041	7.39E-05	0
d__Bacteria;p__Proteobacteria;c__Gammaproteobacteria;o__Enterobacterales;f__Erwiniaceae;g__Pantoea	0	0	0	0	0	0	0	0	0	0	0	0	0	0	0	0	0	0	0	0	0	0	0	0	0	0	0	0.005708577	0	0	0	0	0	0	0	0	0	0	0	0	0	0	0	0	0	0
d__Bacteria;p__Firmicutes;c__Bacilli;o__Staphylococcales;f__Staphylococcaceae;g__Jeotgalicoccus	0	0	0	0	0	0	0	0	0	0	0	0	0	0	0	0	0	0	0	0	0	0	0	0	0	0	0	0	0	0	0	0	0	0	0	0	0	0.000145567	0	0	0	0	0	0	0	0
d__Bacteria;p__Firmicutes;c__Clostridia;o__Peptostreptococcales-Tissierellales;f__Peptostreptococcales-Tissierellales;g__Peptoniphilus	0	0	0	0	0	0	0	0	0	0	0	0	2.67E-05	0	0	0	0	0	0	0	0	0	0	0	0	0	0	0	0	0	0	0	0	0	0	0	0	0.000679315	0	0	0	0	0	0	0	0
d__Bacteria;p__Proteobacteria;c__Gammaproteobacteria;o__Enterobacterales;f__Enterobacteriaceae;__	0	0	0	0.000155419	0	0.000222767	0	0	0	0	0	0	0	0	0	0	0	0	0	0	0	0	0	0	0	0	0	0	0	0	0	0	0	0	0	0	0.000391517	0	0.000721021	0	0	0.001655042	0.003543615	0	0	0
d__Bacteria;p__Firmicutes;c__Clostridia;o__Oscillospirales;f__Oscillospiraceae;g__UCG-002	0	0	0	0	0	0	0	0	0	0	0	0	0	0	0	0	0	0	0	0	0	0	0	0	0	0	0	0	0	0	7.79E-05	0	0	0	0	0	0	0.00038818	0.005712701	0	0	0.00520156	0.002678314	0	0	0
d__Bacteria;p__Proteobacteria;c__Gammaproteobacteria;o__Pseudomonadales;f__Pseudomonadaceae;g__Pseudomonas	0.000749944	0	0.000497119	0.000310838	0	0.00033415	0.000225541	0.000111612	5.82E-05	0	0	0.00047633	0	0	0	0	0	0	0	0	0	0	0	0	0	0	0	0	0	0	0	0	0	0	0	0	0	0.000363919	0.000277316	0	0	0	0.001895422	2.20E-05	0	0
d__Bacteria;p__Firmicutes;c__Clostridia;o__uncultured;f__uncultured;g__uncultured	0	0	0	0	0	0	0.000144991	6.98E-05	0	0	0	0	9.80E-05	0	0.000265364	0	0	3.21E-05	0	0	0	0	0	0	0	0	0	0	0	0	0	0	0	0	0	0	0	0	0	0	0	0	0	0	0	0
d__Bacteria;p__Bacteroidota;c__Bacteroidia;o__Bacteroidales;f__Prevotellaceae;g__Alloprevotella	0	0	0	0	0	0	0	0	0	0	0	0	0	0	0	0	0	0	0	0	0	0	0	0	0	0	0	0	0	0	0	0	0	0	0	0	0	0	0	0	0	0	0	0	0	0
d__Bacteria;p__Firmicutes;c__Clostridia;o__Oscillospirales;f__UCG-010;g__UCG-010	0	0	0	0	0	0	0	0	0	0	0	0.000989301	0	0	0	0	0	0.000545239	0	0	0	0	0	0	0	0	0	0	0	0	0	0	0	0	0.0008054	0	0	0	0.000221852	0	0	0	0	4.40E-05	0	0
d__Bacteria;p__Firmicutes;c__Bacilli;o__Erysipelotrichales;f__Erysipelotrichaceae;g__Erysipelotrichaceae	0	0	0	0	0	0	0	0	0	0	0	0	0	0	0	0	0	0	0	0	0	0	0	0	0	0	0	0	0	0	0	0	0	0	0	0	0	0	0	0	0	0	0	0.000110024	9.03E-05	0
d__Bacteria;p__Firmicutes;c__Clostridia;o__Lachnospirales;f__Lachnospiraceae;g__Lachnospira	0	0	0	0	0	0	0	0	0	0	0	0	0	0	0	0	0	0	0	0	0	0	0	0	0	0	0	0	0	0	0	0	0	0	0	0	0.000848287	0.000242612	0.005379922	0	0	0	0.002225061	0	0	0
d__Bacteria;p__Proteobacteria;c__Gammaproteobacteria;o__Burkholderiales;f__Sutterellaceae;g__Sutterella	0	0	0	0	0	0	0	0	0	0	0	0	0	0	0	0	0	0	0	0	0	0	0	0	0	0	0	0	0	0	0	0	0	0.000328434	0	0	0	0	0.00249584	0	0	0	0.002966748	0	0	0
d__Bacteria;p__Firmicutes;c__Clostridia;o__Peptococcales;f__Peptococcaceae;g__Peptococcus	0	8.94E-05	0	0	0	0	0	6.98E-05	0	0.000232278	0	0.000439689	0	0	0	0	0	0.000267274	0	0	0	0	0	0	0	0	0	0	0	0	0	0	0	0	0.000613638	0.000317662	0	0	0	0	0	0	0	0	0	0
d__Bacteria;p__Firmicutes;c__Bacilli;o__Erysipelotrichales;f__Erysipelotrichaceae;g__Holdemanella	0	0	0	0	0	0	0	0	0	0	0	0	0	0	0	0	0	0	0	0	0	0	0	0	0	0	0	0	0	0	0	0	0	0	0	0	0	0.00038818	0.004769828	0	0	0	0.001730603	0	0	0
d__Bacteria;p__Firmicutes;c__Clostridia;o__Lachnospirales;f__Lachnospiraceae;g__Tyzzerella	0	0	0	0	0	0	0	0	0	0	0	0	0.000151488	0	3.62E-05	0	0	0	0	0	0	0	0	0	0	0	0	0	0	0	0	0	0	0	0	0	0.001109299	0.000315396	0.002717693	0	0	0.000945738	0.00111253	0	0	0
d__Bacteria;p__Firmicutes;c__Clostridia;o__Oscillospirales;f__Oscillospiraceae;g__NK4A214_group	0	0	0	0	0	0	0	0	0	0	0	0.000586252	0	0	0	0	0	0.000481093	0	0	0	0	0	0	0	0	0	0	0	0	0	0	0	0	0.000575286	0	0.000587276	0.000485225	0.000499168	0	0	0.002127911	0.002060241	0.000121027	7.39E-05	0
d__Bacteria;p__Firmicutes;c__Bacilli;o__Lactobacillales;f__Vagococcaceae;g__Vagococcus	0	0	0	0	0	0	0	0	0	0	0	0	0.000507931	0	0	0	0	0	0	0	0	0	0	0	0	0	0	0	0	0	0	0	0	0	0	0	0	0.003323791	0	0	0	0	0	0	0	0
d__Bacteria;p__Firmicutes;c__Clostridia;o__Lachnospirales;f__Lachnospiraceae;g__[Eubacterium]_fissicatena_group	0	0	0	0	0.000265208	0.000222767	0.000338311	0	0	0	0	0.000183204	0.00041882	0	0	0	0	0	0	0	0	0	0	0	0	0	0	0	0	0	0	0	0	0	0	0	0	0	0	0	0	0	0	0	0	0
d__Bacteria;p__Firmicutes;c__Clostridia;o__Oscillospirales;f__Ruminococcaceae;g__uncultured	0	8.94E-05	0	0	0	0	0	0	0	0.000246795	0	0.000732815	4.46E-05	0	4.82E-05	0	0	0.000972877	0	0	0	0	0	0	0	0	0	0	0	0	0	0	0	0	0.001457391	0.000363042	0	0.000558009	0.00088741	0	0	0.001418607	0.000741687	0.000154034	8.21E-05	0
d__Bacteria;p__Actinobacteriota;c__Coriobacteriia;o__Coriobacteriales;f__Eggerthellaceae;g__Slackia	0	0	0	0	0	0	0	0	0	0	0	0	0	0	0	0	0	0	0	0	0	0	0	0	0	0	0	0	0	0	0	0	0	0	0	0	0	0.000558009	0.001996672	0	0	0	0.001153735	0	0	0
d__Bacteria;p__Firmicutes;c__Clostridia;o__Lachnospirales;f__Lachnospiraceae;g__[Ruminococcus]_gauvreauii_group	0	0	0	0	0	0	0	0	0	0	0	0	0	0	0	0	0	0	0	0	0	0	0	0	0	0	0	0	0	0	0	0	0	0	0	0	0	0	0.002107598	8.82E-05	0.000112908	0.002009694	0.000370843	0	0	0
d__Bacteria;p__Actinobacteriota;c__Coriobacteriia;o__Coriobacteriales;f__Eggerthellaceae;g__uncultured	0	0	0	0	0	0	0	0	0	0	0	0	0	0	0	0	0	0	0	0	0	0	0	0	0	0	0	0	0	0	0	0	0	0	0	0	0	0.000727837	0	0	0	0	0	0	0	0
d__Bacteria;p__Patescibacteria;c__Saccharimonadia;o__Saccharimonadales;f__Saccharimonadaceae;g__Candidatus_Saccharimonas	0	0.000163937	0	0	0	0	6.44E-05	0.000223224	0	0	0	0	0	0	0	0	0	0	0	0	0	0	0	0	0	0	0	0.001998002	0	0	0	0	0	0	0	0	0	0	0	0	0	0	0	0	0	0
d__Bacteria;p__Bacteroidota;c__Bacteroidia;o__Bacteroidales;f__Barnesiellaceae;g__Barnesiella	0	0	0	0	0	0	0	0	0	0	0	0	0	0	0	0	0	0	0	0	0	0	0	0	0	0	0	0	0	0	0	0	0	0	0	0	0.000522023	0	0.003105935	0	0	0.003310084	0.000659277	0	0	0
d__Bacteria;p__Firmicutes;c__Clostridia;o__Lachnospirales;f__Lachnospiraceae;g__[Eubacterium]_eligens_group	0	0	0	0	0	0	0	0	0	0	0	0	0	0	0	0	0	0	0	0	0	0	0	0	0	0	0	0	0	0	0	0	0	0	0	0	0	0.000436702	0.003660566	7.72E-05	9.88E-05	0.004137605	0	0	0	0
d__Bacteria;p__Proteobacteria;c__Gammaproteobacteria;o__Pasteurellales;f__Pasteurellaceae;g__Haemophilus	0	0	0.000112982	0	0	0	0	0	0	0	0	0	0	0	0	0	0	0	0	0	0	0	0	0	0	0	0	0	0	0	0	0	0	0	0	0	0	0.000363919	0.001109262	0	0	0	0.001236145	0	0	0
d__Bacteria;p__Actinobacteriota;c__Actinobacteria;o__Micrococcales;f__Microbacteriaceae;__	0	0	0	0	0	0	0	0	0	0	0	0	0	0	0	0	0	0	0	0	0	0	0	0	0	0	0	0	0	0	0	0	0	0	0	0	0	0.000339657	0	0	0	0	0	0	0	0
d__Bacteria;p__Firmicutes;c__Clostridia;o__Oscillospirales;f__Ruminococcaceae;g__Ruminococcaceae	0	0	0	0	0	0	0	0	0	8.71E-05	0	0.000366408	7.13E-05	0	0	0	4.12E-05	0.000352802	0	0	0	0	0	0	0.002728732	0	0	0	0	0	0	0	0	0	0.000460229	0	0	0	0	0	0	0	0	0	0	0
d__Bacteria;p__Firmicutes;c__Clostridia;o__Christensenellales;f__Christensenellaceae;g__uncultured	0	0.000432197	0	0	0	0	0	0	0	2.90E-05	0	0.000439689	0	0	0	0	0	0.000245892	0	0	0	0	0	0	0	0	0	0	0	0	0	0	0	0	0	0	0	0	0	0	0	0	0	0	0	0
d__Bacteria;p__Firmicutes;c__Clostridia;o__Peptostreptococcales-Tissierellales;f__Anaerovoracaceae;g__[Eubacterium]_nodatum_group	0	0.000163937	0	0	0	0	0	0	0	0	0	0.00047633	0	0	0	0	0	0.000245892	0	0	0	0	0	0	0	0	0	0	0	0	0	0	0	0	0.000460229	0	0	0	0	0	0	0	0	0	0	0
d__Bacteria;p__Firmicutes;c__Clostridia;o__Lachnospirales;f__Lachnospiraceae;g__[Bacteroides]_pectinophilus_group	0	0	0	0	0	0	0	0	0	0	0	0	0	0	0	0	0	0	0	0	0	0	0	0	0	0	0	0	0	0	0	0	0	0	0	0	0	0.000946189	0.00338325	0	0	0	0	0	0	0
d__Bacteria;p__Firmicutes;c__Clostridia;o__Peptostreptococcales-Tissierellales;f__Peptostreptococcaceae;g__Terrisporobacter	0	0	0	0	0	0	0	0	0	0	0	0	0	0	0	0	0	0	0	0	0	0	0	0	0	0	0	0	0	0	0	0	0	0	0	0	0	0	0.001719357	0	0	0.001536825	0.000700482	0	0	0
d__Bacteria;p__Firmicutes;c__Bacilli;o__Erysipelotrichales;f__Erysipelotrichaceae;g__Turicibacter	0	0	0	0	0	0	0	0	0	0	0	0	0	0	0	0	0	0	0	0	0	0	0	0	0	0	0	0	0	0	0.00010388	0	9.05E-05	0.000164217	0	0	0	0.000291135	0.001885746	0	0	0.001773259	0.000576868	0	0	0
d__Bacteria;p__Thermotogota;c__Thermotogae;o__Thermotogales;f__Fervidobacteriaceae;g__Fervidobacterium	0	0	0	8.63E-05	0	0	0	0	0	0	0	0	0	0	0.000627224	0	0	0	0	0	0	0	0	0	0	0	0	0	0	0	0	0	0	0	0	0	0	0	0	0	0	0	0	0	0	0
d__Eukaryota;p__Vertebrata;c__Mammalia;o__Mammalia;f__Mammalia;g__Mammalia	0	0.000119227	0	0.000189956	0	0	0	0	0.000116301	0	0	0	0	0	0	0	0	0	0	0	0	0	0	0	0	0	0	0	0	0	0	0	0	0	0	0	0.00045677	0.000533747	0	0	0	0	0.000453253	0	0	0
d__Bacteria;p__Firmicutes;c__Bacilli;o__Erysipelotrichales;f__Erysipelotrichaceae;g__[Clostridium]_innocuum_group	0	0	0	0	0	0	0	0	0	0	0	0	0	0	0	0	0	0	0	0	0	0	0	0	0	0	0	0	0	0	0	0	0	0	0	0	0	9.70E-05	0.000721021	0	0	0	0.001565784	0	0	0
d__Bacteria;p__Actinobacteriota;c__Actinobacteria;o__Micrococcales;f__Micrococcaceae;g__Micrococcus	0	0	0	0	0	0	0	0	0	0	0	0	0	0	0	0	0	0	0	0	0	0	0	0	0	0	0	0	0	0	0	0	0	0	0	0	0.00045677	0.000169829	0	0	0	0	0.000824097	0	0	0
d__Bacteria;p__Bacteroidota;c__Bacteroidia;o__Bacteroidales;f__Barnesiellaceae;g__Coprobacter	0	0	0	0	0	0	0	0	0	0	0	0	0	0	0	0	0	0	0	0	0	0	0	0	0	0	0	0	0	0	0	0	0	0	0	0	0	0	0.001442041	0	0	0	0.000906506	0	0	0
d__Bacteria;p__Proteobacteria;c__Alphaproteobacteria;o__Sphingomonadales;f__Sphingomonadaceae;g__Sphingomonas	0	0	0	0	0	0	0	0	0	0	0.000162561	0.000183204	0	0	0	6.41E-05	0	0	0	0	0	0	0	0	0	0	0	0	0	0	0	0	0	0	0	0	0	0	0.000221852	0	0	0.001773259	0.001483374	0	0	0
d__Bacteria;p__Firmicutes;c__Bacilli;o__Paenibacillales;f__Paenibacillaceae;g__Paenibacillus	0	0	0	0	0	0	0	0	0	0	0	0	0	0	0	0	0	0	0	0	0	0	0	0	0	0	0	0	0	0	0	0	0	0	0	0	0	0	0	0	0	0	0	0	0	0
d__Bacteria;p__Firmicutes;c__Clostridia;o__Oscillospirales;f__Ruminococcaceae;__	0	0	0.000158174	0	0	0	0	0	0	0.000188726	0	0	0	1.71E-05	0	0	0	0.000160364	0	0	0	0	0	0	0	0	0	0	0	0	0.00028567	0	0	0	0	0	0	0.000315396	0.000721021	0	0	0	0	0.000209046	0	0
d__Bacteria;p__Actinobacteriota;c__Actinobacteria;o__Micromonosporales;f__Micromonosporaceae;__	0	0	0	0	0	0.001707879	0	0	0	0	0	0	0	0	0	0	0	0	0	0	0	0	0	0	0	0	0	0	0	0	0	0	0	0	0	0	0	0	0	0	0	0	0	0	0	0
d__Bacteria;p__Proteobacteria;c__Gammaproteobacteria;o__Burkholderiales;f__Oxalobacteraceae;g__Janthinobacterium	0	0	0	0	0	0.000297022	0	0	0	0	0	0	0	0	0	0	0	0	0	0	0	0	0	0	0	0	0	0	0	0	0	0	0	0	0	0	0	0.000145567	0	3.31E-05	0	0	0.001524579	0	0	0
d__Bacteria;p__Firmicutes;c__Negativicutes;o__Acidaminococcales;f__Acidaminococcaceae;g__Phascolarctobacterium	0	0	0	0	0	0	0	0	0	0	0	0	0	0	0	0	0	0	0	0	0	0	0	0	0	0	0	0	0	0	0.00010388	0	0	0	0	0	0	0.00019409	0.001164725	0	0	0.002482563	0	0	0	0
d__Bacteria;p__Actinobacteriota;c__Coriobacteriia;o__Coriobacteriales;f__Coriobacteriales_Incertae_Sedis;g__uncultured	0	0	0	0	0	0	0	0	0	0	0	0	0	0	0	0	0	0	0	0	0	0	0	0	0	0	0	0	0	0	0	0	0	0	0	0	0	0.00019409	0.002218525	0	0	0.000827521	0	0	0	0
d__Bacteria;p__Actinobacteriota;c__Coriobacteriia;o__Coriobacteriales;f__Eggerthellaceae;g__Senegalimassilia	0	0	0	0	0	0	0	0	0	0	0	0	0	0	0	0	0	0	0	0	0	0	0	0	0	0	0	0	0	0	0	0	0	0	0	0	0	0.00019409	0.001996672	0	0	0	0	0	0	0
d__Bacteria;p__Proteobacteria;c__Alphaproteobacteria;o__Caulobacterales;f__Caulobacteraceae;g__Brevundimonas	0	0	0	0	0	0	4.83E-05	0	0	0	5.91E-05	0	0	0	0	0	0	0	0	0	0	0	0	0	0	0	0	0	0	0	0	0	0	0	0	0	0	0	0.000942873	0	0	0.001655042	0.000453253	0	0	0
d__Bacteria;p__Firmicutes;c__Clostridia;o__Oscillospirales;f__Oscillospiraceae;g__UCG-003	0	0	0	0	0	0	0	0	0	0	0	0	0	0	0	0	0	0	0	0	0	0	0	0	0	0	0	0	0	0	0	0	0	0	0	0	0	0	0.001941209	0	0	0	0	0	0	0
d__Bacteria;p__Bacteroidota;c__Bacteroidia;o__Bacteroidales;f__Prevotellaceae;g__Paraprevotella	0	0	0	0	0	0	0	0	0	0	0	0	0	0	0	0	0	0	0	0	0	0	0	0	0	0	0	0	0	0	0	0	0	0	0	0	0	0	0	0	0	0.001536825	0.000906506	0	0	0
d__Bacteria;p__Firmicutes;c__Clostridia;o__Peptostreptococcales-Tissierellales;f__Peptostreptococcales-Tissierellales;__	0	0	0	0	0	0	0	0	0	0	0	0	0	0	0	0	0	0	0	0	0	0	0	0	0	0	0	0	0	0	0	0	0	0	0	0	0	0.000485225	0	0	0	0	0	0	0	0
d__Bacteria;p__Firmicutes;c__Bacilli;o__Bacillales;f__Bacillaceae;g__Bacillus	0.000304031	0	0.000180771	0.000725288	0	0	0	0	0	0	0	0	0	0	0	8.54E-05	0	0	0	0	0	0	0	0	0	0	0	0	0	0	0	0	0	0	0	0	0	0	0.000332779	0	0	0	0	0	0	0
d__Bacteria;p__Firmicutes;c__Clostridia;o__Peptostreptococcales-Tissierellales;f__Peptostreptococcales-Tissierellales;g__Gallicola	0	0	0	0	0	0	0	0	0	0	0	0	0	0	0	0	0	0	0	0	0	0	0	0	0	0	0	0	0	0	0	0	0	0	0	0	0	0	0	0	0	0	0	0	0	0
d__Bacteria;p__Firmicutes;c__Bacilli;o__Bacillales;f__Planococcaceae;g__Sporosarcina	0	0	0	0	0	0	0	0	0	0	0	0	0	0	0	0	0	0	0	0	0	0	0	0	0	0	0	0	0	0	0	0	0	0	0	0	0	0.000703576	0	0	0	0	0	0	0	0
d__Bacteria;p__Actinobacteriota;c__Coriobacteriia;o__Coriobacteriales;f__uncultured;g__uncultured	0	0	0	0	0	0	0	0	0	0	0	0	0	0	0	0	0	0	0	0	0	0	0	0	0	0	0	0	0	0	0	0	0	0	0	0	0	0	0.000443705	0	0	0	0.000865301	0	0	0
d__Bacteria;p__Firmicutes;c__Clostridia;o__Peptostreptococcales-Tissierellales;f__Peptostreptococcales-Tissierellales;g__Anaerococcus	0	0	0	0	0	0	0	0	0	0	0	0	0	0	0	0	0	0	0	0	0	0	0	0	0	0	0	0	0	0	0	0	0	0	0	0	0	0	0	0	0	0	0.001771808	0	0	0
d__Bacteria;p__Proteobacteria;c__Gammaproteobacteria;o__Burkholderiales;f__Comamonadaceae;g__Comamonas	0	0	0	0	0	0	0	0	0	0	0	0	0	0	0	0	0	0	0	0	0	0	0	0	0	0	0	0	0	0	0	0	0	0	0	0	0	0	0.001552967	0	0	0	0	0	0	0
d__Bacteria;p__Bacteroidota;c__Bacteroidia;o__Bacteroidales;f__Tannerellaceae;g__Parabacteroides	0	0	0	0	0	0	0	0	0	0	0	0	0	0	0	0	0	0	0	0	0	0	0	0	0	0	0	0	0	0	0.00010388	0	0	0	0	0	0.00045677	0.000436702	0.001220189	0	0	0	0.000247229	0	0	0
d__Bacteria;p__Firmicutes;c__Clostridia;o__Clostridiales;f__Clostridiaceae;g__Clostridium_sensu_stricto_5	0	0	0	0	0	0	0	0	0	0	0	0	0	0	0	5.34E-05	0	0	0	0	0	0	0	0	0	0	0	0	0	0	0	0	0	0	0	0	0	0.000291135	0	0	0	0	0	0	0	0
d__Bacteria;p__Proteobacteria;c__Gammaproteobacteria;o__Burkholderiales;f__Comamonadaceae;g__Tepidimonas	0	0	0.000112982	0	0	0	0	0	0	0	0	0	0.000187132	0	0	0	0	0	0	0	0	0	0	0	0	0	0	0	0	0	0	0	0	0	0	0	0	0	0	0	0	0	0	0	0	0
d__Bacteria;p__Firmicutes;c__Bacilli;o__Bacillales;f__Planococcaceae;__	0	0	0	0	0	0	0	0	0	0	0	0	0	0	0	0	0	0	0	0	0	0	0	0	0	0	0	0	0	0	0	0	0	0	0	0	0	0.000485225	0	0	0	0	0	0	0	0
d__Bacteria;p__Proteobacteria;c__Gammaproteobacteria;o__Burkholderiales;f__Neisseriaceae;g__uncultured	0	0	0	0	0	0	0	0	0	0	0	0	0	0	0	0	0	0	0	0	0	0	0	0	0	0	0	0	0	0	0	0	0	0	0	0	0	0.000266874	0.000443705	0	0	0	0.000247229	0	0	0
d__Bacteria;p__Proteobacteria;c__Alphaproteobacteria;o__Rhizobiales;f__Beijerinckiaceae;g__Microvirga	0	0	0	0	0	0	0	0	0	0	0	0	0.000204955	0	0	0	0	0	0	0	0	0	0	0	0	0	0	0	0	0	0	0	0	0	0	0	0	0	0	0	0	0	0	0	0	0
d__Bacteria;p__Firmicutes;c__Bacilli;o__Lactobacillales;__;__	0	0	0	0	0	0	0	0	0	0.000319382	0	0	0	0	0	0	0	0	0	0	0	0	0	0	0	0	0	0	0	0	0	0	0	0	0	0	0	0	0	0	0	0	0	0	0	0
d__Bacteria;p__Firmicutes;c__Clostridia;o__Lachnospirales;f__Lachnospiraceae;g__[Ruminococcus]_gnavus_group	0	0	0.000180771	0	0	0	0	0	0	0	0	0	0	0	0	0	0	0	0	0	0	0	0	0	0	0	0	0	0	0	0	0	0	0	0	0	0	0.000315396	0	0	0	0	0	0	0	0
d__Bacteria;p__Firmicutes;c__Bacilli;o__Lactobacillales;f__Leuconostocaceae;g__Weissella	0	0	0	0	0	0	0	0	0	0	0	0	0	0	0	0	0	0	0	0	0	0	0	0	0	0	0	0	0	0	0	0	0	0	0	0	0	0.000145567	0	0	0	0.000236435	0	0	0	0
d__Bacteria;p__Firmicutes;c__Clostridia;o__Oscillospirales;f__Oscillospiraceae;g__Oscillospira	0	0	0	0	0	0	0	0	0	0	0	0	0	0	0	0	0	0	0	0	0	0	0	0	0	0	0	0.000570858	0	0	0	0	0	0	0	0	0	0	0	0	0	0	0	0.000176039	0	0
d__Bacteria;p__Proteobacteria;c__Gammaproteobacteria;o__Xanthomonadales;f__Xanthomonadaceae;g__Stenotrophomonas	0	0	0	0	0	0	0	0	0	0	2.96E-05	0	0	0	0	0	0	0	0	0	0	0	0	0	0	0	0	0	0	0	0	0	0	0	0	0	0	0.000169829	0.000776484	0	0	0.001418607	0	0	1.64E-05	0
d__Archaea;p__Euryarchaeota;c__Methanobacteria;o__Methanobacteriales;f__Methanobacteriaceae;g__Methanobrevibacter	0	0	0	0	0	0	0	0	0	0	0	0	0	0	0	0	0	0	0	0	0	0	0	0	0	0	0	0	0	0	0	0	0	0	0	0	0	0	0.001053799	0	0	0	0	0	0	0
d__Bacteria;p__Firmicutes;c__Clostridia;o__Lachnospirales;f__Defluviitaleaceae;g__Defluviitaleaceae_UCG-011	0	0	0	0	0	0	0	0	0	0	0	0	0	0	0	0	0	0	0	0	0	0	0	0	0	0	0	0	0	0	0	0	0	0	0.000115057	0	0	0	0	0	0	0	0.000782892	2.20E-05	3.28E-05	2.21E-05
d__Bacteria;p__Firmicutes;c__Clostridia;o__Lachnospirales;f__Lachnospiraceae;g__CAG-56	0	0	0	0	0	0	0	0	0	0	0	0	0	0	0	0	0	0	0	0	0	0	0	0	0	0	0	0	0	0	0	0	0	0	0	0	0	0	0	0	0	0	0.000741687	0	0	0
d__Bacteria;p__Proteobacteria;c__Gammaproteobacteria;o__Burkholderiales;f__Comamonadaceae;g__Aquabacterium	0	0	0	0	0	0	0	0	0	0	0	0	0	0	0	0	0	0	0	0	0	0	0	0	0	0	0	0	0	0	0	0	0	0	0	0	0	0	0	0	0	0	0.000741687	0	0	0
d__Bacteria;p__Proteobacteria;c__Gammaproteobacteria;o__Burkholderiales;f__Comamonadaceae;g__Polaromonas	0	0	0	0	0	0	0.000273871	0	0	0	0	0	0	0	0	0	0	0	0	0	0	0	0	0	0	0	0	0	0	0	0	0	0	0	0	0	0	0	0	0	0	0	0	0	0	0
d__Bacteria;p__Bacteroidota;c__Bacteroidia;o__Bacteroidales;f__Barnesiellaceae;g__uncultured	0	0	0	0	0	0	0	0	0	0	0	0	0	0	0	0	0	0	0	0	0	0	0	0	0	0	0	0	0	0	0	0	0	0	0	0	0	0.000412441	0	0	0	0	0	0	0	0
d__Bacteria;p__Firmicutes;c__Clostridia;o__Oscillospirales;__;__	0	0	0	0	0	0	0	0	0	0	0	0.000183204	0	0	0	0	0	0	0	0	0	0	0	0	0	0	0	0	0	0	0	0	0	0	0	0	0	0	0	0	0	0	0.000700482	0	0	0
d__Bacteria;p__Proteobacteria;c__Gammaproteobacteria;o__Burkholderiales;f__Comamonadaceae;g__Hydrogenophaga	0	0	0	0	0	0	0.000257761	0	0	0	0	0	0	0	0	0	0	0	0	0	0	0	0	0	0	0	0	0	0	0	0	0	0	0	0	0	0	0	0	0	0	0	0	0	0	0
d__Bacteria;p__Firmicutes;c__Bacilli;o__Bacillales;f__Bacillaceae;__	0	0	0	0	0	0	0	0	0	0	0	0.000586252	0	0	0	0	0	0	0	0	0	0	0	0	0	0	0	0	0	0	0	0	0	0	0	0	0	0	0	0	0	0	0	0	0	0
d__Bacteria;p__Actinobacteriota;c__Actinobacteria;o__Pseudonocardiales;f__Pseudonocardiaceae;g__Saccharopolyspora	0	0	0	0	0	0	0	0	0	0	0	0	0	0	0	0	0	0	0	0	0	0	0	0	0	0	0	0	0	0	0	0	0	0	0	0	0	0.00038818	0	0	0	0	0	0	0	0
d__Bacteria;p__Firmicutes;c__Bacilli;o__Erysipelotrichales;f__Erysipelatoclostridiaceae;g__Catenibacterium	0	0	0	0	0	0	0	0	0	0	0	0	0	0	0	0	0	0	0	0	0	0	0	0	0	0	0	0	0	0	0	0	0	0	0	0	0	0	0.00088741	0	0	0.000591086	0	0	0	0
d__Bacteria;p__Bacteroidota;c__Bacteroidia;o__Bacteroidales;f__Marinifilaceae;g__Butyricimonas	0	0	0	0	0	0	0	0	0	0	0	0	0	0	0	0	0	0	0	0	0	0	0	0	0	0	0	0	0	0	0	0	0	0	0	0	0	0	0	0	0	0	0.000659277	0	0	0
d__Bacteria;p__Proteobacteria;c__Alphaproteobacteria;o__Rhodobacterales;f__Rhodobacteraceae;g__Cereibacter	0	0	0	0	0	0	0	0	0	0	0	0	0	0	0	0	0	0	0	0	0	0	0	0	0	0	0	0	0	0	0	0	0	0	0	0	0	0	0	0	0	0	0.000659277	0	0	0
d__Bacteria;p__Proteobacteria;c__Gammaproteobacteria;o__Burkholderiales;f__Burkholderiaceae;g__Ralstonia	0.000182419	8.94E-05	0	0	0	0	0	0	0	0	0	0	0	0	0	0	0	0	0	0	0	0	0	0	0	0	0	0	0	0	0	0	0	0	0	0	0	0	0	0	0	0	0	0	0	0
d__Bacteria;p__Firmicutes;c__Clostridia;__;__;__	0	0.00022355	0	0	0	0	0	0	0	0	0	0	0	0	0	0	0	0	0	0	0	0	0	0	0	0	0	0	0	0	0	0	0	0	0	0	0.000195759	0	0.000499168	0	0	0	0	0	0	0
d__Bacteria;p__Firmicutes;c__Bacilli;o__Lactobacillales;f__Listeriaceae;g__Listeria	0	0	0	0.000103613	0	0	0	0	0	0	0	0	0	0	0	0	0	0	0	0	0	0	0	0	0	0	0	0.00128443	0	0	0	0	0	0	0	0	0	0	0	0	0	0	0	0	0	0
d__Bacteria;p__Firmicutes;c__Bacilli;o__Bacillales;f__Bacillaceae;g__Ureibacillus	0	0	0	0	0	0	0	0	0	0	0	0	0	0	0	0	0	0	0	0	0	0	0	0	0	0	0	0	0	0	0	0	0	0	0	0	0	0	0.000831947	0	0	0	0	0	0	0
d__Bacteria;p__Proteobacteria;c__Gammaproteobacteria;o__Burkholderiales;f__Comamonadaceae;g__Delftia	0	0	0	0	0	0	0	0	0	0	0	0	0	0	0	0	0	0	0	0	0	0	0	0	0	0	0	0	0	0	0	0	0	0	0	0	0	0	0	0	0	0.001773259	0	0	0	0
d__Bacteria;p__Proteobacteria;c__Alphaproteobacteria;o__Rhizobiales;f__Beijerinckiaceae;g__Methylobacterium-Methylorubrum	0	0.000104323	0	0	0	0.000297022	0.000225541	0	0	0	0	0	0	0	0	0	0	0	0	0	0	0	0	0	0	0	0	0	0	0	0	0	0	0	0	0	0	0	0	0	0	0	0	0	0	0
d__Bacteria;p__Actinobacteriota;c__Actinobacteria;o__uncultured;f__uncultured;g__uncultured	0	0	0	0	0	0	4.83E-05	0	8.72E-05	0	0	0	0	0	0	0	0	0	0	0	0	0	0	0	0	0	0	0	0	0	0	0	0	0	0	0	0	0	0	0	0	0	0.000206024	0	0	0
d__Bacteria;p__Bacteroidota;c__Bacteroidia;o__Flavobacteriales;f__Weeksellaceae;g__Cloacibacterium	0	0	0	0	0	0	0	0	0	0	0	0	4.46E-05	0	0	0	0	0	0	0	0	0	0	0	0	0.007493755	0	0	0	0	0	0	0	0	0	0	0	0	0	0	0	0	0	0	0	0
d__Bacteria;p__Actinobacteriota;c__Actinobacteria;o__Micrococcales;f__Micrococcaceae;g__Kocuria	0	0	0	5.18E-05	0	0	0	0	0	0	0	0	0	0	0	0	0	0	0	0	0	0	0	0	0	0	0	0	0	0	0	0	0	0	0	0	0	0.000339657	0	0	0	0	0	0	0	0
d__Bacteria;p__Firmicutes;c__Clostridia;o__Lachnospirales;f__Lachnospiraceae;g__Lachnospiraceae_UCG-010	0	0	0	0	0	0	0	0	0	0	0	7.33E-05	0	0	0	0	0	6.41E-05	0	0	0	0	0	0	0	0	0	0	0	0	0	0	0	0	0	0	0	0.000339657	0.000388242	0	0	0	0	0	1.64E-05	0
d__Bacteria;p__Actinobacteriota;c__Coriobacteriia;o__Coriobacteriales;f__Eggerthellaceae;g__CHKCI002	0	0	0	0	0	0	0	0	0	0	0	0	0	0	0	0	0	0	0	0	0	0	0	0	0	0	0	0	0	0	0	0	0	0	0	0	0	0.000121306	0.000499168	0	0	0	0	0	0	0
d__Bacteria;p__Firmicutes;c__Negativicutes;o__Veillonellales-Selenomonadales;f__Veillonellaceae;g__Veillonella	0	0	0	0	0	0	3.22E-05	0	0	0	0	0	0	0	0	0	0	0	0	0	0	0	0	0	0	0	0	0	0	0	0	0	0	0	0	0	0	0	0.000776484	0	0	0	0	0	0	0
d__Bacteria;p__Actinobacteriota;c__Actinobacteria;o__Actinomycetales;f__Actinomycetaceae;g__Actinomyces	0	0	0	0	0	0.000482661	0	0	0	0	0	0	0	0	0	0	0	0	0	0	0	0	0	0	0	0	0	0	0	0	0	0	0	0	0	0	0	0	0	0	0	0	0	0	0	0
d__Bacteria;p__Proteobacteria;c__Alphaproteobacteria;o__Sphingomonadales;f__Sphingomonadaceae;g__Sphingobium	0	0	0	0	0	0	0	0	0	0	0	0	0	0	0	0	0	0	0	0	0	0	0	0	0	0	0	0	0	0	0	0	0	0	0	0	0	0.000315396	0	0	0	0	0	0	0	0
d__Bacteria;p__Firmicutes;c__Bacilli;o__Bacillales;f__Bacillaceae;g__Geobacillus	0	0	0	0	0	0	0	0	0	0	0	0	0	0	0	0	0	0	0	0	0	0	0	0	0	0	0	0	0	0	0	0	0	0	0	0	0	0.000315396	0	0	0	0	0	0	0	0
d__Bacteria;p__Firmicutes;c__Clostridia;o__Peptostreptococcales-Tissierellales;f__Anaerovoracaceae;g__Family_XIII_AD3011_group	0	0	0	0	0	0	0	0	0	0	0	0.000329767	0	2.57E-05	0	0	0	0.000117601	0	0	0	0	0	0	0	0	0	0	0	0	0	0	0	0	0	0	0	0	0.000721021	0	0	0	0.000947711	0.000121027	0	0
d__Bacteria;p__Patescibacteria;c__Parcubacteria;o__Candidatus_Nomurabacteria;f__Candidatus_Nomurabacteria;g__Candidatus_Nomurabacteria	0	0	0.000135578	0	3.32E-05	0	0	0	0	0	0	7.33E-05	0	0	0	0	0	0	0	0	0	0	0	0	0	0	0	0	0	0	0	0	0	0	0	0	0	0.000218351	0	0	0	0	0.000329639	0	0	0
d__Bacteria;p__Firmicutes;c__Bacilli;o__Lactobacillales;f__Listeriaceae;g__Brochothrix	0	0	0	0	0	0	0	0	0	0	0	0	0	0	0	0	0	0	0	0	0	0	0	0	0	0	0	0	0	0	0	0	0	0	0	0	0	0	0	0	0	0	0	0	0	0
d__Bacteria;p__Firmicutes;c__Clostridia;o__Lachnospirales;f__Lachnospiraceae;g__Lachnospiraceae_UCG-008	0	0	0	0	0	0	0	0	0	0	0	0	0	0	0	0	0	0	0	0	0	0	0	0	0	0	0	0	0	0	0	0	0	0	0	0	0	0.000291135	0	0	0	0	0	0	0	0
d__Bacteria;p__Firmicutes;c__Clostridia;o__Lachnospirales;f__Lachnospiraceae;g__Moryella	0	0	0	0	0	0	0	0	0	0	0	0	0	0	0	0	0	0	0	0	0	0	0	0	0	0	0	0	0	0	0	0	0	0	0	0	0	0	0.000665557	0	0	0	0.000412048	0	0	0
d__Bacteria;p__Proteobacteria;c__Gammaproteobacteria;o__Pasteurellales;f__Pasteurellaceae;__	0	0	0	0	0	0	0	0	0	0	0	0	0	0	0	0	0	0	0	0	0	0	0	0	0	0	0	0	0	0	0	0	0	0	0	0	0	0	0.000665557	0	0	0	0	0	0	0
d__Bacteria;p__Firmicutes;c__Clostridia;o__Peptostreptococcales-Tissierellales;f__Peptostreptococcaceae;__	0	0	0	0	0	0	0	0	0	0	0	0	0	0	0	0	0	0	0	0	0	0	0	0	0	0	0	0	0	0	0	0	0	0	0	0	0	0	0	0	0	0	0.000906506	0	0	0
d__Bacteria;p__Actinobacteriota;c__Actinobacteria;o__Corynebacteriales;f__Corynebacteriaceae;g__Lawsonella	0	0	9.04E-05	0	0	0	0	0	0	0	0	0	0	0	0	0	0	0	0	0	0	0	0	0	0	0	0	0	0	0	0	0	0	0	0	0	0	0	0	0	0	0	0.000288434	0	0	0
d__Bacteria;p__Actinobacteriota;c__Coriobacteriia;o__Coriobacteriales;f__Coriobacteriales_Incertae_Sedis;g__Raoultibacter	0	0	0	0	0	0	0	0	0	0	0	0	0	0	0	0	0	0	0	0	0	0	0	0	0	0	0	0	0	0	0	0	0	0	0	0	0	0	0	0	0	0	0	0	0	0
d__Bacteria;p__Bacteroidota;c__Bacteroidia;o__Bacteroidales;f__Dysgonomonadaceae;g__Proteiniphilum	0	0	0	0	0	0	0	0	0	0	0	0	0	0	0	0	0	0	0	0	0	0	0	0	0	0	0	0	0	0	0	0	0	0	0	0	0	0.000266874	0	0	0	0	0	0	0	0
d__Bacteria;p__Proteobacteria;c__Gammaproteobacteria;o__Enterobacterales;f__Yersiniaceae;__	0	0	0	0	0	0	0.000161101	0	0	0	0	0	0	0	0	0	0	0	0	0	0	0	0	0	0	0	0	0	0	0	0	0	0	0	0	0	0	0	0	0	0	0	0	0	0	0
d__Bacteria;p__Firmicutes;c__Bacilli;o__Lactobacillales;f__Leuconostocaceae;g__Leuconostoc	0	0	0	0	0	0	0	0	0	0	0	0	0	0	0	0	0	0	0	0	0	0	0	0	0	0	0	0	0	0	0	0	0	0	0	0	0	0	0	0	0	0	0	0	0	0
d__Bacteria;p__Campilobacterota;c__Campylobacteria;o__Campylobacterales;f__Campylobacteraceae;g__Campylobacter	0	0	0	0	0	0	0	0	0	0	0	0	0	0	0	0	0	0	0	0	0	0	0	0	0	0	0	0	0	0	0	0	0	0	0	0	0	0	0	0	0	0	0.000412048	0	0	0
d__Bacteria;p__Planctomycetota;c__Planctomycetes;o__Pirellulales;f__Pirellulaceae;g__Roseimaritima	0	0	0	0	0	0	0	0	0	0	0	0	0	0	0	0	0	0	0	0	0	0	0	0	0	0	0	0	0	0	0	0	0	0	0	0	0	0	0	0	0	0	0.000412048	0	0	0
d__Bacteria;p__Firmicutes;c__Clostridia;o__Christensenellales;f__Christensenellaceae;g__Christensenellaceae	0	0	0	0	0	0	0	0	0	0	0.000103448	0	0	1.71E-05	0	0	0	0	0	0	0	0	0	0	0	0	0	0	0	0	0	0	0	0	0	0	0	0	0	0	0	0	0	0	0	0
d__Bacteria;p__Firmicutes;c__Bacilli;o__Lactobacillales;f__Carnobacteriaceae;g__Jeotgalibaca	0	0	0	0	0	0	0	0	0	0	0	0	0	0	0	0	0	0	0	0	0	0	0	0	0	0	0	0	0	0	0	0	0	0	0	0	0	0.000218351	0	0	0	0	0	0	0	0
d__Bacteria;p__Proteobacteria;c__Gammaproteobacteria;o__Burkholderiales;f__Comamonadaceae;__	0	0	0	0	0	0.000297022	0	0	0	0	0	0	0	0	0	0	0	0	0	0	0	0	0	0	0	0	0	0	0	0	0	0	0	0	0	0	0	0	0	0	5.65E-05	0	0	0	0	0
d__Bacteria;p__Proteobacteria;c__Gammaproteobacteria;o__Burkholderiales;f__Neisseriaceae;g__Snodgrassella	0	0	0	0	0	0	0.000128881	0	0	0	0	0	0	0	0	0	0	0	0	0	0	0	0	0	0	0	0	0	0	0	0	0	0	0	0	0	0	0	0	0	0	0	0	0	0	0
d__Bacteria;p__Proteobacteria;c__Alphaproteobacteria;o__Sphingomonadales;f__Sphingomonadaceae;g__Porphyrobacter	0	0	0	0	0	0	0	0	0	0	0	0	7.13E-05	0	0	0	0	0	0	0	0	0	0	0	0	0	0	0	0	0	0	0	0	0	0	0	0	0	0	0	0	0	0	0	0	0
d__Bacteria;p__Firmicutes;c__Bacilli;__;__;__	0	0	0	0	0	0	0	0	0	0	0	0	0	0	0	0	0	0	0	0	0	0	0	0	0	0	0	0	0	0	0	0	0	0	0	0	0	0	0	0	0	0	0	0	0	0
d__Bacteria;p__Firmicutes;c__Bacilli;o__Bacillales;f__Planococcaceae;g__Savagea	0	0	0	0	0	0	0	0	0	0	0	0	0	0	0	0	0	0	0	0	0	0	0	0	0	0	0	0	0	0	0	0	0	0	0	0	0	0.00019409	0	0	0	0	0	0	0	0
d__Bacteria;p__Firmicutes;c__Bacilli;o__Bacillales;f__Sporolactobacillaceae;g__uncultured	0	0	0	0	0	0	0	0	0	0	0	0	0	0	0	0	0	0	0	0	0	0	0	0	0	0	0	0	0	0	0	0	0	0	0	0	0	0.00019409	0	0	0	0	0	0	0	0
d__Bacteria;p__Actinobacteriota;c__Actinobacteria;o__Micrococcales;f__Bogoriellaceae;g__Georgenia	0	0	0	0	0	0	0	0	0	0	0	0	0	0	0	0	0	0	0	0	0	0	0	0	0	0	0	0	0	0	0	0	0	0	0	0	0	0.00019409	0	0	0	0	0	0	0	0
d__Bacteria;p__Firmicutes;c__Clostridia;o__Lachnospirales;f__Lachnospiraceae;g__Lachnospiraceae_UCG-007	0	0	0	0	0	0	0	0	0	0	0	0	0	0	0	0	0	0	0	0	0	0	0	0	0	0	0	0	0	0	0	0	0	0	0	0	0	0	0.000443705	0	0	0	0	0	0	0
d__Bacteria;p__Bdellovibrionota;c__Oligoflexia;o__0319-6G20;f__0319-6G20;g__0319-6G20	0	0	6.78E-05	6.91E-05	0	0	0	0	0	0	0	0	0	0	0	0	0	0	0	0	0	0	0	0	0	0	0	0	0	0	0	0	0	0	0	0	0	0	0.000110926	0	0	0	0.000329639	0	0	0
d__Bacteria;p__Patescibacteria;c__Gracilibacteria;o__Gracilibacteria;f__Gracilibacteria;g__Gracilibacteria	0	0	9.04E-05	0	0	0	0	0	0	0	0	0	0	0	0	0	0	0	0	0	0	0	0	0	0	0	0	0	0	0	0	0	0	0	0	0	0	0	0.000110926	0	0	0	0.000123614	0	0	0
d__Bacteria;p__Aquificota;c__Aquificae;o__Aquificales;f__Aquificaceae;g__Hydrogenobacter	0	0	0	0	0	0	0	0	0	0	0	0	0	0	8.44E-05	0	0	0	0	0	0	0	0	0	0	0	0	0	0	0	0	0	0	0	0	0	0	0	0	0	0	0	0	0	0	0
d__Bacteria;p__Firmicutes;c__Clostridia;o__Peptostreptococcales-Tissierellales;f__Peptostreptococcales-Tissierellales;g__W5053	0	0	0	0	0	0	0	0	0	0	0	0	0	0	0	0	0	0	0	0	0	0	0	0	0	0	0	0	0	0	0	0	0	0	0	0	0	0	0	0	0	0	0	0	0	0
d__Bacteria;p__Firmicutes;c__Clostridia;o__Lachnospirales;f__Lachnospiraceae;g__Catenibacillus	0	0	0	0	0	0	0	0	0	0	0	0	0	0	0	0	0	0	0	0	0	0	0	0	0	0	0	0	0	0	0	0	0	0	0	0	0	0.000169829	0	0	0	0	0.000247229	0	0	0
d__Bacteria;p__Bacteroidota;c__Bacteroidia;o__Bacteroidales;f__Porphyromonadaceae;g__Porphyromonas	0	0	0	0	0	0	0	0	0	0	0	0	0	0	0	0	0	0	0	0	0	0	0	0	0	0	0	0	0	0	0	0	0	0	0	0	0	0	0	0	0	0	0.000288434	0	0	0
d__Bacteria;p__Patescibacteria;c__Parcubacteria;o__Parcubacteria;f__Parcubacteria;g__Parcubacteria	0	0	0.000112982	0.000103613	0	0	4.83E-05	0	0	0	0	0.000109922	3.56E-05	0	0	0	0	0	0	0	0	0	0	0	0	0	0	0	0	0	0	0	0	0	0	0	0	0	0	0	5.65E-05	0	0.000288434	0	0	0
d__Bacteria;p__Actinobacteriota;c__Actinobacteria;o__Micrococcales;f__Microbacteriaceae;g__Pseudoclavibacter	0	0	0	0	0	0	0	0	0	0	0	0	0	0	0	0	0	0	0	0	0	0	0	0	0	0	0	0	0	0	0	0	0	0	0	0	0	0	0	0	0	0	0	0	0	0
d__Bacteria;p__Proteobacteria;c__Gammaproteobacteria;o__Alteromonadales;f__Alteromonadaceae;g__Alishewanella	0	0	0	0.000103613	0	0	0	0	0	0	0	0	0	0	0	0	0	0	0	0	0	0	0	0	0	0	0	0	0	0	0	0	0	0	0	0	0	0	0	0	0	0	0	0	0	0
d__Bacteria;p__Bacteroidota;c__Bacteroidia;o__Sphingobacteriales;f__Sphingobacteriaceae;g__Mucilaginibacter	0	0	0	0	0	0.000222767	0	0	0	0	0	0	0	0	0	0	0	0	0	0	0	0	0	0	0	0	0	0	0	0	0	0	0	0	0	0	0	0	0	0	0	0	0	0	0	0
d__Bacteria;p__Proteobacteria;c__Gammaproteobacteria;o__Aeromonadales;f__Aeromonadaceae;g__Aeromonas	0	0	0	0	0	0	0	0	0	0	0	0.000219845	0	0	0	0	0	0	0	0	0	0	0	0	0	0	0	0	0	0	0	0	0	0	0	0	0	0	0	0	0	0	0	0	0	0
d__Bacteria;p__Firmicutes;c__Clostridia;o__Clostridiales;f__Clostridiaceae;g__Hathewaya	0	0	0	0	0	0	0	0	0	0	0	0	0	0	0	0	0	0	0	0	0	0	0	0	0	0	0	0	0	0	0	0	0	0	0	0	0	0	0	0	0	0	0	0	0	0
d__Bacteria;p__Firmicutes;c__Clostridia;o__Eubacteriales;f__Eubacteriaceae;g__Eubacterium	0	0	0	0	0	0	0	0	0	0	0	0	0	0	0	0	0	0	0	0	0	0	0	0	0	0	0	0	0	0	0	0	0	0	0	0	0	0	0.000332779	0	0	0	0	0	0	0
d__Bacteria;p__Firmicutes;c__Clostridia;o__Lachnospirales;f__Lachnospiraceae;g__Hungatella	0	0	0	0	0	0	0	0	0	0	0	0	0	0	0	0	0	0	0	0	0	0	0	0	0	0	0	0	0	0	0	0	0	0	0	0	0	0	0	0	0	0.000709304	0	0	0	0
d__Bacteria;__;__;__;__;__	0	0	0	0	0	0	0	0	0	0	0	0	0	0	0	0	0	0	0	0	0	0	0	0	0	0	0	0	0	0	0	0	0	0	0	0	0	0	0.000166389	0	0	0	0.000247229	0	0	0
d__Bacteria;p__Proteobacteria;c__Alphaproteobacteria;o__Rhodobacterales;f__Rhodobacteraceae;g__Paracoccus	0	0	0	0	0	0.000111383	0	0	0	0	0	0	0	0	0	0	0	0	0	0	0	0	0	0	0	0	0	0	0	0	0	0	0	0	0	0	0	7.28E-05	0.000221852	0	0	0	0.000247229	0	0	0
d__Bacteria;p__Verrucomicrobiota;c__Lentisphaeria;o__Victivallales;f__Victivallaceae;g__Victivallaceae	0	0	0	0	0	0	0	0	0	0	0	0	0	0	0	0	0	0	0	0	0	0	0	0	0	0	0	0	0	0	0	0	0	0	0	0	0	0	0	0	0	0	0.000247229	0	0	0
d__Bacteria;p__Campilobacterota;c__Campylobacteria;o__Campylobacterales;f__Arcobacteraceae;g__Arcobacter	0	7.45E-05	0	0	0	0	0	0	0	0	0	0	0	0	0	0	0	0	0	0	0	0	0	0	0	0	0	0	0	0	0	0	0	0	0	0	0	0	0	0	0	0	0	0	0	0
d__Bacteria;p__Proteobacteria;c__Alphaproteobacteria;o__Sphingomonadales;f__Sphingomonadaceae;g__Qipengyuania	0	0	0	0	0	0	8.06E-05	0	0	0	0	0	0	0	0	0	0	0	0	0	0	0	0	0	0	0	0	0	0	0	0	0	0	0	0	0	0	0	0	0	0	0	0	0	0	0
d__Bacteria;p__Chloroflexi;c__KD4-96;o__KD4-96;f__KD4-96;g__KD4-96	0	0	0	0	0	0	0	0	7.27E-05	0	0	0	0	0	0	0	0	0	0	0	0	0	0	0	0	0	0	0	0	0	0	0	0	0	0	0	0	0	0	0	0	0	8.24E-05	0	0	0
d__Bacteria;p__Proteobacteria;c__Gammaproteobacteria;o__Alteromonadales;f__Alteromonadaceae;g__Rheinheimera	0	0	0	0	0	0	0	0	0	0	0	0	0	0	0	0	0	0	0	0	0	0	0	0	0	0	0	0	0	0.001133787	0	0	0	0	0	0	0	0	0	0	0	0	0	0	0	0
d__Bacteria;p__Actinobacteriota;c__Actinobacteria;o__Streptomycetales;f__Streptomycetaceae;g__Streptomyces	0	0	0	0	0	0	0	0	0	0	0	0	0	0	0	0	0	0	0	0	0	0	0	0	0	0	0	0	0	0	0	0	0	0	0	0	0	0	0	0	0	0	0	0	0	0
d__Bacteria;p__Proteobacteria;c__Gammaproteobacteria;o__Enterobacterales;__;__	0	0	0	0	0	0	0	0	0	0	0	0	0	0	0	0	0	0	0	0	0	0	0	0	0	0	0	0	0	0	0	0	0	0	0	0	0	0.000121306	0	0	0	0	0	0	0	0
d__Bacteria;p__Firmicutes;c__Thermoanaerobacteria;o__Thermoanaerobacterales;f__Family_III;g__Thermoanaerobacterium	0	0	0	0	0	0	0	0	0	0	0	0	0	0	0	0	0	0	0	0	0	0	0	0	0	0	0	0	0	0	0	0	0	0	0	0	0	0.000121306	0	0	0	0	0	0	0	0
d__Bacteria;p__Actinobacteriota;c__Actinobacteria;o__Corynebacteriales;f__Nocardiaceae;g__Gordonia	0	0	0	0	0	0	0	0	0	0	0	0	0	0	0	0	0	0	0	0	0	0	0	0	0	0	0	0	0	0	0	0	0	0	0	0	0	0.000121306	0	0	0	0	0	0	0	0
d__Bacteria;p__Firmicutes;c__Clostridia;o__Oscillospirales;f__Ruminococcaceae;g__Candidatus_Soleaferrea	0	5.96E-05	0	0	0	0	0	0	0	0	0	0	0	0	0	0	0	0	0	0	0	0	0	0	0	0	0	0	0	0	0	0	0	0	0	0	0	0	0.000277316	0	0	0	0	0	0	0
d__Bacteria;p__Firmicutes;c__Negativicutes;o__Veillonellales-Selenomonadales;f__Veillonellaceae;g__Negativicoccus	0	0	0	0	0	0	0	0	0	0	0	0	0	0	0	0	0	0	0	0	0	0	0	0	0	0	0	0	0	0	0	0	0	0	0	0	0	0	0.000277316	0	0	0	0	0	0	0
d__Bacteria;p__Proteobacteria;c__Gammaproteobacteria;o__Burkholderiales;f__Aquaspirillaceae;g__Rivicola	0	0	0	0	0	0	0	0	0	0	0	0	0	0	0	0	0	0	0	0	0	0	0	0	0	0	0	0	0	0	0	0	0	0	0	0	0	0	0	0	0	0	0.000206024	0	0	0
d__Bacteria;p__Firmicutes;c__Bacilli;o__Lactobacillales;f__Carnobacteriaceae;g__Alloiococcus	0	0	0	0	0	0	0	0	0	0	0	0	0	0	0	0	0	0	0	0	0	0	0	0	0	0	0	0	0	0	0	0	0	0	0	0	0	0	0	0	0	0	0.000206024	0	0	0
d__Bacteria;p__Acidobacteriota;c__Acidobacteriae;o__Bryobacterales;f__Bryobacteraceae;g__Bryobacter	0	0	0	0	0	0	0	0	0	0	0	0	0	0	0	0	0	0	0	0	0	0	0	0	0	0	0	0	0	0	0	0	0	0	0	0	0	0	0	0	0	0	0.000206024	0	0	0
d__Bacteria;p__Bacteroidota;c__Bacteroidia;o__Flavobacteriales;f__Weeksellaceae;__	8.11E-05	0	0	0	0	0	0	0	0	0	0	0	0	0	0	0	0	0	0	0	0	0	0	0	0	0	0	0	0	0	0	0	0	0	0	0	0	4.85E-05	0	0	0	0	0	0	0	0
d__Bacteria;p__Bacteroidota;c__Bacteroidia;o__Flavobacteriales;f__Weeksellaceae;g__Elizabethkingia	8.11E-05	0	0	0	0	0	0	0	0	0	0	0	0	0	0	0	0	0	0	0	0	0	0	0	0	0	0	0	0	0	0	0	0	0	0	0	0	0	0	0	0	0	0	0	0	0
d__Bacteria;p__Patescibacteria;c__Parcubacteria;o__Candidatus_Zambryskibacteria;f__Candidatus_Zambryskibacteria;g__Candidatus_Zambryskibacteria	0	5.96E-05	0	0	0	0	0	0	0	0	0	0	0	0	0	0	0	0	0	0	0	0	0	0	0	0	0	0	0	0	0	0	0	0	0	0	0	0	0	0	0	0	0	0	0	0
d__Bacteria;p__Proteobacteria;c__Gammaproteobacteria;o__Burkholderiales;f__Rhodocyclaceae;g__Azospira	0	0	0	6.91E-05	0	0	0	0	0	0	0	0	0	0	0	0	0	0	0	0	0	0	0	0	0	0	0	0	0	0	0	0	0	0	0	0	0	0	0	0	0	0	0	0	0	0
d__Bacteria;p__Proteobacteria;c__Gammaproteobacteria;o__Burkholderiales;f__Methylophilaceae;g__Methylotenera	0	0	0	0	0	0	0	0	5.82E-05	0	0	0	0	0	0	0	0	0	0	0	0	0	0	0	0	0	0	0	0	0	0	0	0	0	0	0	0	0	0	0	0	0	0	0	0	0
d__Bacteria;p__Actinobacteriota;c__Acidimicrobiia;o__Microtrichales;f__Microtrichaceae;g__uncultured	0	0	0	0	0	0	0	0	0	0	0	0	0	0	4.82E-05	0	0	0	0	0	0	0	0	0	0	0	0	0	0	0	0	0	0	0	0	0	0	0	0	0	0	0	0	0	0	0
d__Bacteria;p__Firmicutes;c__Thermoanaerobacteria;o__Caldicellulosiruptorales;f__Caldicellulosiraptoraceae;g__Caldicellulosiruptor	0	0	0	0	0	0	0	0	0	0	0	0	0	0	4.82E-05	0	0	0	0	0	0	0	0	0	0	0	0	0	0	0	0	0	0	0	0	0	0	0	0	0	0	0	0	0	0	0
d__Bacteria;p__Proteobacteria;c__Gammaproteobacteria;o__Pseudomonadales;f__Moraxellaceae;g__Psychrobacter	0	0	0	0	0	0	0	0	0	0	0	0	0	0	0	0	0	0	0	0	0	0	0	0	0	0	0	0	0	0	0	0	0	0	0	0	0	0	0	0	0	0	0	0	0	0
d__Bacteria;p__Firmicutes;c__Clostridia;o__Clostridiales;f__Clostridiaceae;g__Haloimpatiens	0	0	0	0	0	0	0	0	0	0	0	0	0	0	0	0	0	0	0	0	0	0	0	0	0	0	0	0	0	0	0	0	0	0	0	0	0	0	0	0	0	0	0	0	0	0
d__Bacteria;p__Actinobacteriota;c__Coriobacteriia;o__Coriobacteriales;f__Atopobiaceae;__	0	0	0	0	0	0	0	0	0	0	0	0	0	0	0	0	0	0	0	0	0	0	0	0	0	0	0	0	0	0	0	0	0	0	0	0	0	0	0	0	0	0	0	0	0	0
d__Bacteria;p__Firmicutes;c__Clostridia;o__Peptostreptococcales-Tissierellales;f__Peptostreptococcales-Tissierellales;g__Tissierella	0	0	0	0	0	0	0	0	0	0	0	0	0	0	0	0	0	0	0	0	0	0	0	0	0	0	0	0	0	0	0	0	0	0	0	0	0	0	0	0	0	0	0	0	0	0
d__Bacteria;p__Nitrospirota;c__Thermodesulfovibrionia;o__uncultured;f__uncultured;g__uncultured	0	0	0	0	0	0	0	0	0	0	0	0	0	0	0	0	0	0	0	0	0	0	0	0	0	0	0	0	0	0	0	0	0	0	0	0	0	9.70E-05	0	0	0	0	0	0	0	0
d__Bacteria;p__Firmicutes;c__Clostridia;o__Clostridiales;f__Clostridiaceae;g__Clostridium_sensu_stricto_15	0	0	0	0	0	0	0	0	0	0	0	0	0	0	0	0	0	0	0	0	0	0	0	0	0	0	0	0	0	0	0	0	0	0	0	0	0	9.70E-05	0	0	0	0	0	0	0	0
d__Bacteria;p__Patescibacteria;c__ABY1;o__Candidatus_Magasanikbacteria;f__Candidatus_Magasanikbacteria;g__Candidatus_Magasanikbacteria	0	0	0	0	0	0	0	0	0	0	0	0	0	0	0	0	0	0	0	0	0	0	0	0	0	0	0	0	0	0	0	0	0	0	0	0	0	0	0.000221852	0	0	0	0	0	0	0
d__Bacteria;p__Bacteroidota;c__Bacteroidia;o__Cytophagales;f__Spirosomaceae;g__Pseudarcicella	0	0	0	0	0	0	0	0	0	0	0	0	0	0	0	0	0	0	0	0	0	0	0	0	0	0	0	0	0	0	0	0	0	0	0	0	0	0	0.000221852	0	0	0	0	0	0	0
d__Bacteria;p__Proteobacteria;c__Alphaproteobacteria;o__Reyranellales;f__Reyranellaceae;g__Reyranella	0	0	0	0	0	0	0	0	0	0	0	0	0	0	0	0	0	0	0	0	0	0	0	0	0	0	0	0	0	0	0	0	0	0	0	0	0	0	0	0	0	0	0	0	0	0
d__Bacteria;p__Actinobacteriota;c__Actinobacteria;o__Actinomycetales;f__Actinomycetaceae;g__Varibaculum	0	0	0	0	0	0	0	0	0	0	0	0	0	0	0	0	0	0	0	0	0	0	0	0	0	0	0	0	0	0	0	0	0	0	0	0	0	0	0	0	0	0	0.000164819	0	0	0
d__Bacteria;p__Proteobacteria;c__Gammaproteobacteria;o__Burkholderiales;f__Nitrosomonadaceae;g__Ellin6067	0	2.98E-05	0	0	0	0	0	0	0	0	0	0	0	0	0	0	0	0	0	0	0	0	0	0	0	0	0	0	0	0	0	0	0	0	0	0	0	0	0	0	0	0	0.000164819	0	0	0
d__Bacteria;p__Bacteroidota;c__Bacteroidia;o__Cytophagales;f__Spirosomaceae;g__uncultured	0	0	0	0	0	0	0	0	0	0	0	0	0	0	0	0	0	0	0	0	0	0	0	0	0	0	0	0	0	0	0	0	0	0	0	0	0	0	0	0	0	0	0.000164819	0	0	0
d__Bacteria;p__Patescibacteria;c__Parcubacteria;o__Candidatus_Jorgensenbacteria;f__Candidatus_Jorgensenbacteria;g__Candidatus_Jorgensenbacteria	0	4.47E-05	0	0	0	0	0	0	0	0	0	0	0	0	0	0	0	0	0	0	0	0	0	0	0	0	0	0	0	0	0	0	0	0	0	0	0	0	0	0	0	0	0	0	0	0
d__Bacteria;p__SAR324_clade(Marine_group_B);c__SAR324_clade(Marine_group_B);o__SAR324_clade(Marine_group_B);f__SAR324_clade(Marine_group_B);g__SAR324_clade(Marine_group_B)	0	4.47E-05	0	0	0	0	0	0	0	0	0	0	0	0	0	0	0	0	0	0	0	0	0	0	0	0	0	0	0	0	0	0	0	0	0	0	0	0	0	0	0	0	0	0	0	0
d__Bacteria;p__Verrucomicrobiota;c__Verrucomicrobiae;o__Verrucomicrobiales;f__Verrucomicrobiaceae;g__Prosthecobacter	0	0	6.78E-05	0	0	0	0	0	0	0	0	0	0	0	0	0	0	0	0	0	0	0	0	0	0	0	0	0	0	0	0	0	0	0	0	0	0	0	0	0	0	0	0	0	0	0
d__Bacteria;p__Actinobacteriota;c__Thermoleophilia;o__Gaiellales;f__Gaiellaceae;g__Gaiella	0	0	0	5.18E-05	0	0	0	0	0	0	0	0	0	0	0	0	0	0	0	0	0	0	0	0	0	0	0	0	0	0	0	0	0	0	0	0	0	0	0	0	0	0	0	0	0	0
d__Bacteria;p__Actinobacteriota;c__Actinobacteria;o__PeM15;f__PeM15;g__PeM15	0	0	0	5.18E-05	0	0	0	0	0	0	0	0	0	0	0	0	0	0	0	0	0	0	0	0	0	0	0	0	0	0	0	0	0	0	0	0	0	0	0	0	0	0	0	0	0	0
d__Bacteria;p__Bacteroidota;c__Bacteroidia;o__Cytophagales;__;__	0	0	0	0	0	0.000111383	0	0	0	0	0	0	0	0	0	0	0	0	0	0	0	0	0	0	0	0	0	0	0	0	0	0	0	0	0	0	0	0	0	0	0	0	0	0	0	0
d__Bacteria;p__Bacteroidota;c__Bacteroidia;o__Sphingobacteriales;f__Sphingobacteriaceae;g__Pedobacter	0	0	0	0	0	0	0	0	0	0	4.43E-05	0	0	0	0	0	0	0	0	0	0	0	0	0	0	0	0	0	0	0	0	0	0	0	0	0	0	0	0	0	0	0	0	0	0	0
d__Bacteria;p__Patescibacteria;c__Parcubacteria;__;__;__	0	0	0	0	0	0	0	0	0	0	0	0.000109922	0	0	0	0	0	0	0	0	0	0	0	0	0	0	0	0	0	0	5.19E-05	0	0	0	0	0	0	0	0	0	0	0	0	0	0	0
d__Bacteria;p__Planctomycetota;c__OM190;o__OM190;f__OM190;g__OM190	0	0	0	0	0	0	0	0	0	0	0	0	0	0	0	3.20E-05	0	0	0	0	0	0	0	0	0	0	0	0	0	0	0	0	0	0	0	0	0	0	0	0	0	0	0	0	0	0
d__Bacteria;p__Bacteroidota;c__Bacteroidia;o__Flavobacteriales;f__Weeksellaceae;g__Weeksella	0	0	0	0	0	0	0	0	0	0	0	0	0	0	0	3.20E-05	0	0	0	0	0	0	0	0	0	0	0	0	0	0	0	0	0	0	0	0	0	0	0	0	0	0	0	0	0	0
d__Bacteria;p__Proteobacteria;c__Alphaproteobacteria;o__Rhizobiales;f__Devosiaceae;g__Devosia	0	0	0	0	0	0	0	0	0	0	0	0	0	0	0	0	0	0	0	0	0	0	0	0	0	0	0	0	0	0	0	0	9.05E-05	0	0	0	0	0	0	0	0	0	0	0	0	0
d__Bacteria;p__Firmicutes;c__Clostridia;o__Peptostreptococcales-Tissierellales;f__Peptostreptococcaceae;g__Intestinibacter	0	0	0	0	0	0	0	0	0	0	0	0	0	0	0	0	0	0	0	0	0	0	0	0	0	0	0	0	0	0	0	0	0	0	0.000115057	0	0	0	0	0	0	0	0	0	0	0
d__Bacteria;p__Patescibacteria;c__Microgenomatia;o__Candidatus_Amesbacteria;f__Candidatus_Amesbacteria;g__Candidatus_Amesbacteria	0	0	0	0	0	0	0	0	0	0	0	0	0	0	0	0	0	0	0	0	0	0	0	0	0	0	0	0	0	0	0	0	0	0	0	0	0	7.28E-05	0	0	0	0	0	0	0	0
d__Bacteria;p__Patescibacteria;c__Saccharimonadia;o__Saccharimonadales;f__Saccharimonadales;g__Saccharimonadales	0	0	0	0	0	0	0	0	0	0	0	0	0	0	0	0	0	0	0	0	0	0	0	0	0	0	0	0	0	0	0	0	0	0	0	0	0	7.28E-05	0	0	0	0	0	0	0	0
d__Bacteria;p__Proteobacteria;c__Gammaproteobacteria;o__Vibrionales;f__Vibrionaceae;g__Photobacterium	0	0	0	0	0	0	0	0	0	0	0	0	0	0	0	0	0	0	0	0	0	0	0	0	0	0	0	0	0	0	0	0	0	0	0	0	0	7.28E-05	0	0	0	0	0	0	0	0
d__Bacteria;p__Desulfobacterota;c__Desulfovibrionia;o__Desulfovibrionales;f__Desulfomicrobiaceae;g__Desulfomicrobium	0	0	0	0	0	0	0	0	0	0	0	0	0	0	0	0	0	0	0	0	0	0	0	0	0	0	0	0	0	0	0	0	0	0	0	0	0	0	0.000166389	0	0	0	0	0	0	0
d__Bacteria;p__Proteobacteria;c__Alphaproteobacteria;o__Paracaedibacterales;f__Paracaedibacteraceae;g__uncultured	0	0	0	0	0	0	0	0	0	0	0	0	0	0	0	0	0	0	0	0	0	0	0	0	0	0	0	0	0	0	0	0	0	0	0	0	0	0	0.000166389	0	0	0	0	0	0	0
d__Bacteria;p__Planctomycetota;c__Planctomycetes;o__Isosphaerales;f__Isosphaeraceae;g__Candidatus_Nostocoida	0	0	0	0	0	0	0	0	0	0	0	0	0	0	0	0	0	0	0	0	0	0	0	0	0	0	0	0	0	0	0	0	0	0	0	0	0	0	0.000166389	0	0	0	0	0	0	0
d__Bacteria;p__Firmicutes;c__Bacilli;o__Erysipelotrichales;f__Erysipelatoclostridiaceae;g__Coprobacillus	0	0	0	0	0	0	0	0	0	0	0	0	0	0	0	0	0	0	0	0	0	0	0	0	0	0	0	0	0	0	0	0	0	0	0	0	0	0	0.000166389	0	0	0	0	0	0	0
d__Bacteria;p__Proteobacteria;c__Alphaproteobacteria;o__Acetobacterales;f__Acetobacteraceae;g__Acidiphilium	0	0	0	0	0	0	0	0	0	0	0	0	0	0	0	0	0	0	0	0	0	0	0	0	0	0	0	0	0	0	0	0	0	0	0	0	0	0	0	0	4.23E-05	0	0	0	0	0
d__Bacteria;p__Bacteroidota;c__Bacteroidia;o__Flavobacteriales;f__Weeksellaceae;g__Chryseobacterium	0	0	0	0	0	0	0	0	0	0	0	0	0	0	0	0	0	0	0	0	0	0	0	0	0	0	0	0	0	0	0	0	0	0	0	0	0	0	0	0	2.82E-05	0.000354652	0	0	0	0
d__Bacteria;p__Actinobacteriota;c__Actinobacteria;o__Propionibacteriales;f__Propionibacteriaceae;g__Cutibacterium	0	0	0	0	0	0	0	0	0	0	0	0	0	0	0	0	0	0	0	0	0	0	0	0	0	0	0	0	0	0	0	0	0	0	0	0	0	0	0	0	0	0	0.000123614	0	0	0
d__Bacteria;p__Myxococcota;c__Polyangia;o__VHS-B3-70;f__VHS-B3-70;g__VHS-B3-70	0	0	0	0	0	0	0	0	0	0	0	0	0	0	0	0	0	0	0	0	0	0	0	0	0	0	0	0	0	0	0	0	0	0	0	0	0	0	0	0	0	0	0.000123614	0	0	0
d__Bacteria;p__Actinobacteriota;c__Actinobacteria;o__Corynebacteriales;f__Corynebacteriaceae;g__Corynebacterium	0	0	0	3.45E-05	0	0	0	0	0	0	0	0	0	0	0	0	0	0	0	0	0	0	0	0	0	0	0	0	0	0	0	0	0	0	0	0	0	0	0	0	0	0	0.000123614	0	0	0
d__Bacteria;p__Actinobacteriota;c__Coriobacteriia;o__Coriobacteriales;__;__	0	0	0	0	0	0	0	0	0	0	0	0	0	0	0	0	0	0	0	0	0	0	0	0	0	0	0	0	0	0	0	0	0	0	0	0	0	0	0	0	0	0	0	0	0	0
d__Bacteria;p__Proteobacteria;c__Alphaproteobacteria;o__Rhodobacterales;f__Rhodobacteraceae;g__Thioclava	4.05E-05	0	0	0	0	0	0	0	0	0	0	0	0	0	0	0	0	0	0	0	0	0	0	0	0	0	0	0	0	0	0	0	0	0	0	0	0	0	0	0	0	0	0	0	0	0
d__Bacteria;p__Bacteroidota;c__Bacteroidia;o__Bacteroidales;f__Paludibacteraceae;g__Paludibacter	0	2.98E-05	0	0	0	0	0	0	0	0	0	0	0	0	0	0	0	0	0	0	0	0	0	0	0	0	0	0	0	0	0	0	0	0	0	0	0	0	0	0	0	0	0	0	0	0
d__Bacteria;p__Bacteroidota;c__Bacteroidia;o__Chitinophagales;f__Chitinophagaceae;g__Ferruginibacter	0	2.98E-05	0	0	0	0	0	0	0	0	0	0	0	0	0	0	0	0	0	0	0	0	0	0	0	0	0	0	0	0	0	0	0	0	0	0	0	0	0	0	0	0	0	0	0	0
d__Archaea;p__Nanoarchaeota;c__Nanoarchaeia;o__Woesearchaeales;f__Woesearchaeales;g__Woesearchaeales	0	2.98E-05	0	0	0	0	0	0	0	0	0	0	0	0	0	0	0	0	0	0	0	0	0	0	0	0	0	0	0	0	0	0	0	0	0	0	0	0	0	0	0	0	0	0	0	0
d__Bacteria;p__Proteobacteria;c__Alphaproteobacteria;o__Paracaedibacterales;f__Paracaedibacteraceae;g__Candidatus_Paracaedibacter	0	0	4.52E-05	0	0	0	0	0	0	0	0	0	0	0	0	0	0	0	0	0	0	0	0	0	0	0	0	0	0	0	0	0	0	0	0	0	0	0	0	0	0	0	0	0	0	0
d__Bacteria;p__Chloroflexi;c__Anaerolineae;o__RBG-13-54-9;f__RBG-13-54-9;g__RBG-13-54-9	0	0	0	0	0	7.43E-05	0	0	0	0	0	0	0	0	0	0	0	0	0	0	0	0	0	0	0	0	0	0	0	0	0	0	0	0	0	0	0	0	0	0	0	0	0	0	0	0
d__Bacteria;p__Actinobacteriota;c__Thermoleophilia;o__Gaiellales;f__uncultured;g__uncultured	0	0	0	0	0	7.43E-05	0	0	0	0	0	0	0	0	0	0	0	0	0	0	0	0	0	0	0	0	0	0	0	0	0	0	0	0	0	0	0	0	0	0	0	0	0	0	0	0
d__Bacteria;p__Bacteroidota;c__Bacteroidia;o__Flavobacteriales;f__Flavobacteriaceae;g__Flavobacterium	0	0	0	0	0	0	3.22E-05	0	0	0	0	0	0	0	0	0	0	0	0	0	0	0	0	0	0	0	0	0	0	0	0	0	0	0	0	0	0	0	0	0	0	0	8.24E-05	0	1.64E-05	0
d__Bacteria;p__Firmicutes;c__Clostridia;o__Oscillospirales;f__Oscillospiraceae;g__UCG-007	0	0	0	0	0	0	0	0	0	2.90E-05	0	0	0	0	2.41E-05	0	0	0	0	0	0	0	0	0	0	0	0	0	0	0	0	0	0	0	0	0	0	0	0	0	0	0	0	0	0	0
d__Bacteria;p__Firmicutes;c__Clostridia;o__Peptostreptococcales-Tissierellales;f__Anaerovoracaceae;g__uncultured	0	0	0	0	0	0	0	0	0	0	0	0	1.78E-05	0	0	0	0	0	0	0	0	0	0	0	0	0	0	0	0	0	0	0	0	0	0	0	0	0	0	0	0	0	0	0	0	0
d__Bacteria;p__Verrucomicrobiota;c__Chlamydiae;o__Chlamydiales;f__Parachlamydiaceae;g__Neochlamydia	0	0	0	0	0	0	0	0	0	0	0	0	0	0	2.41E-05	0	0	0	0	0	0	0	0	0	0	0	0	0	0	0	0	0	0	0	0	0	0	0	0	0	0	0	0	0	0	0
d__Bacteria;p__Proteobacteria;c__Gammaproteobacteria;o__Gammaproteobacteria_Incertae_Sedis;f__Unknown_Family;g__Acidibacter	0	0	0	0	0	0	0	0	0	0	0	0	0	0	0	0	0	0	0	0.005571031	0	0	0	0	0	0	0	0	0	0	0	0	0	0	0	0	0	0	0	0	0	0	0	0	0	0
d__Bacteria;p__Firmicutes;c__Clostridia;o__Lachnospirales;f__Lachnospiraceae;g__Shuttleworthia	0	0	0	0	0	0	0	0	0	0	0	0	0	0	0	0	0	0	0	0	0	0	0	0	0	0	0	0	0	0	0	0	0	0.000164217	0	0	0	0	0	0	0	0	0	0	0	0
d__Bacteria;p__Proteobacteria;c__Alphaproteobacteria;o__Sphingomonadales;f__Sphingomonadaceae;g__Sphingopyxis	0	0	0	0	0	0	0	0	0	0	0	0	0	0	0	0	0	0	0	0	0	0	0	0	0	0	0	0	0	0	0	0	0	0	0	0	0	0	0	0	0	0	0	0	0	0
d__Bacteria;p__Firmicutes;c__Clostridia;o__Clostridiales;f__Clostridiaceae;g__Clostridium_sensu_stricto_7	0	0	0	0	0	0	0	0	0	0	0	0	0	0	0	0	0	0	0	0	0	0	0	0	0	0	0	0	0	0	0	0	0	0	0	0	0	0	0	0	0	0	0	0	0	0
d__Bacteria;p__Actinobacteriota;c__Actinobacteria;o__Pseudonocardiales;f__Pseudonocardiaceae;g__Pseudonocardiaceae	0	0	0	0	0	0	0	0	0	0	0	0	0	0	0	0	0	0	0	0	0	0	0	0	0	0	0	0	0	0	0	0	0	0	0	0	0	4.85E-05	0	0	0	0	0	0	0	0
d__Bacteria;p__Dependentiae;c__Babeliae;o__Babeliales;f__UBA12409;g__UBA12409	0	0	0	0	0	0	0	0	0	0	0	0	0	0	0	0	0	0	0	0	0	0	0	0	0	0	0	0	0	0	0	0	0	0	0	0	0	0	0.000110926	0	0	0	0	0	0	0
d__Bacteria;p__Bacteroidota;c__Bacteroidia;o__Chitinophagales;f__Saprospiraceae;g__uncultured	0	0	0	0	0	0	0	0	0	0	0	0	0	0	0	0	0	0	0	0	0	0	0	0	0	0	0	0	0	0	0	0	0	0	0	0	0	0	0.000110926	0	0	0	0	0	0	0
d__Bacteria;p__Chloroflexi;c__Chloroflexia;o__Chloroflexales;f__Chloroflexaceae;g__Chloronema	0	0	0	0	0	0	0	0	0	0	0	0	0	0	0	0	0	0	0	0	0	0	0	0	0	0	0	0	0	0	0	0	0	0	0	0	0	0	0	0	0	0.000236435	0	0	0	0
d__Bacteria;p__Patescibacteria;c__Berkelbacteria;o__Berkelbacteria;f__Berkelbacteria;g__Berkelbacteria	0	0	0	0	0	0	0	0	0	0	0	0	0	0	0	0	0	0	0	0	0	0	0	0	0	0	0	0	0	0	0	0	0	0	0	0	0	0	0	0	0	0.000236435	0	0	0	0
d__Bacteria;p__Proteobacteria;c__Gammaproteobacteria;o__EV818SWSAP88;f__EV818SWSAP88;g__EV818SWSAP88	0	0	0	0	0	0	0	0	0	0	0	0	0	0	0	0	0	0	0	0	0	0	0	0	0	0	0	0	0	0	0	0	0	0	0	0	0	0	0	0	0	0	8.24E-05	0	0	0
