OTU_ID	121-Si8-C_S25	121-Si8-MAB_S59	122-Si8-MAB_S60	123-Si8-C_S27	123-Si8-MAB_S61	124-Si8-MAB_S62	125-Si8-C_S29	125-Si8-MAB_S63	126-Si8-C_S30	126-Si8-MAB_S64	127-Si8-C_S31	127-Si8-MAB_S65	128-Si8-C_S32	128-Si8-MAB_S66	129-Si8-C_S33	129-Si8-MAB_S67	130-Si8-C_S34	130-Si8-MAB_S68	131-Si8-C_S35	131-Si8-MAB_S69	132-Si8-C_S36	132-Si8-MAB_S70	133-Si8-C_S37	133-Si8-MAB_S71	134-Si8-C_S38	134-Si8-MAB_S72	135-Si8-C_S39	135-Si8-MAB_S73	136-Si8-C_S40	136-Si8-MAB_S74	137-Si8-C_S41	137-Si8-MAB_S75	138-Si8-C_S42	138-Si8-MAB_S76	386-Si8-content_S13	386-Si8-MAB_S1	387-Si8-content_S14	387-Si8-MAB_S2	388-Si8-content_S15	388-Si8-MAB_S3	389-Si8-content_S16	389-Si8-MAB_S4	390-Si8-content_S17	390-Si8-MAB_S5	391-Si8-content_S18	391-Si8-MAB_S6	392-Si8-content_S19	392-Si8-MAB_S7	393-Si8-content_S20	393-Si8-MAB_S8	394-Si8-content_S21	394-Si8-MAB_S9	395-Si8-content_S22	395-Si8-MAB_S10	396-Si8-content_S23	396-Si8-MAB_S11	397-Si8-content_S24	397-Si8-MAB_S12	49-Si8-C_S16	49-Si8-MAB_S18	50-Si8-C_S17	50-Si8-MAB_S19	51-Si8-C_S18	51-Si8-MAB_S20	52-Si8-C_S19	52-Si8-MAB_S21	53-Si8-MAB_S22	54-Si8-C_S21	54-Si8-MAB_S23	55-Si8-C_S22	55-Si8-MAB_S24	56-Si8-C_S23	56-Si8-MAB_S25	57-Si8-C_S25	57-Si8-MAB_S26	58-Si8-C_S26	58-Si8-MAB_S27	59-Si8-C_S27	59-Si8-MAB_S28	60-Si8-C_S28	60-Si8-MAB_S29	61-Si8-C_S29	61-Si8-MAB_S30	62-Si8-C_S30	62-Si8-MAB_S31	63-Si8-C_S31	63-Si8-MAB_S32	64-Si8-C_S32	64-Si8-MAB_S33
Genus_001	0	0	0	0	0	0	0	2	0	0	0	0	0	0	0	0	0	0	0	0	0	0	0	0	0	0	0	0	0	0	0	0	0	0	0	0	0	0	0	0	0	0	0	0	0	0	0	0	0	0	0	0	0	0	0	0	0	0	0	0	0	0	0	0	0	0	0	0	0	0	26	0	98	0	198	0	4	0	0	0	99	0	129	0	0	0	0	0	0
Genus_002	0	0	0	0	50	0	0	0	0	0	0	0	0	0	0	0	5	8	31	92	0	9	51	585	51	40	22	121	0	0	0	0	0	29	0	0	0	0	0	0	0	0	0	0	0	0	0	0	0	0	0	0	0	0	0	0	0	0	31	0	432	88	0	0	314	16	228	0	12	1775	123	269	138	147	16	1324	286	370	59	1385	0	1925	126	860	126	2744	37	2962	508
Genus_003	0	0	849	0	0	0	0	6	0	20	0	0	0	34	0	0	0	352	0	0	0	554	0	85	0	63	0	20	0	3	0	0	0	805	0	0	0	0	0	0	0	0	0	0	0	0	0	0	0	0	0	0	0	0	0	0	0	0	39	67	0	10	0	136	14	0	48	0	8	80	236	16	718	0	1634	3	12	4	311	0	549	0	1014	14	92	0	20	0	9
Genus_004	0	16	2005	0	81	0	0	0	0	55	5	63	5	187	0	0	43	2283	7	249	0	2346	7	1745	18	922	13	125	0	15	0	54	9	5295	0	0	11	0	0	60	0	10	0	208	0	8	783	128	923	0	732	74	1207	150	42	44	0	0	13	11	17	7	9	179	33	0	1427	10	321	497	39	192	217	0	197	12	384	12	84	3	367	3075	460	1816	2859	661	2462	230	67
Genus_005	0	0	54	0	0	0	0	0	0	0	0	0	0	0	0	0	0	194	0	0	0	288	0	18	0	11	0	7	0	0	0	0	0	1108	0	71	0	0	0	160	0	0	0	492	0	0	93	0	51	0	0	0	0	0	0	0	0	0	0	0	0	0	0	38	0	0	295	0	66	60	0	65	48	0	46	0	0	0	0	0	17	187	23	0	392	40	102	0	0
Genus_006	0	0	0	0	0	0	0	0	0	0	0	0	0	0	0	0	0	0	0	0	0	0	0	0	0	0	0	0	0	0	0	0	0	0	0	0	0	0	0	0	0	0	0	0	0	0	0	0	0	0	0	0	0	0	0	0	0	0	0	0	0	0	0	0	0	0	0	0	0	0	0	12	0	0	0	0	0	0	0	0	0	0	0	0	0	0	0	0	0
Genus_007	0	0	128	0	182	0	0	0	0	0	0	0	0	0	0	0	0	1015	0	16	0	1308	7	677	6	454	0	21	248	2077	22	323	4	17889	2	0	44	19	0	19	0	0	0	6	0	0	211	47	912	0	342	156	432	137	0	102	69	331	15	16	0	5	0	71	12	13	3419	75	1314	510	223	1168	1126	0	502	0	193	0	34	0	207	1638	354	459	4479	204	1961	10	24
Genus_008	0	0	206	0	32	0	0	0	0	0	0	23	9	59	0	0	19	95	0	30	0	97	0	37	0	2	0	39	0	20	0	40	0	1969	0	0	16	0	0	4	0	0	0	0	0	0	155	15	0	0	39	0	115	20	0	0	0	0	36	0	14	4	21	53	156	17	175	8	20	91	0	28	17	0	23	12	8	0	0	2	16	175	26	427	230	479	129	399	109
Genus_009	0	0	0	0	0	0	0	0	0	0	0	0	0	0	0	0	0	0	0	0	0	0	0	0	0	0	0	0	0	0	0	0	0	0	0	0	0	0	0	0	0	0	0	0	0	0	0	0	0	0	0	0	0	0	0	0	0	0	0	0	0	0	0	0	0	0	0	0	0	0	0	0	0	0	134	0	0	0	0	0	23	0	57	0	0	0	0	0	0
Genus_010	0	0	0	0	0	0	0	0	0	0	0	0	0	0	0	0	0	0	0	0	0	0	0	0	0	0	0	0	0	0	0	0	0	0	0	0	0	0	0	0	0	0	0	0	0	0	0	0	0	0	0	0	0	0	0	0	0	0	0	0	0	0	0	0	0	0	0	0	0	0	0	0	0	0	0	0	0	0	0	0	0	0	18	0	0	0	0	0	0
Genus_011	0	5	201	0	17	13	0	0	0	0	0	8	0	5	0	0	0	512	0	0	0	374	0	73	0	33	0	5	3	13	0	4	0	2494	0	0	0	0	0	225	0	0	0	132	0	0	66	0	56	0	36	43	100	0	0	10	0	0	0	0	0	0	0	92	18	0	537	9	109	82	0	13	62	0	27	8	24	0	31	0	80	393	0	111	1338	58	259	6	0
Genus_012	0	27	362	0	27	0	0	14	0	0	23	190	0	45	0	0	13	186	15	116	0	222	0	158	0	50	11	71	0	0	0	0	0	356	0	0	21	0	0	11	10	5	0	0	0	0	448	16	116	0	39	0	181	145	0	16	0	0	32	0	41	0	8	0	0	0	222	0	20	448	52	94	147	0	119	0	166	0	7	0	45	863	121	567	208	413	57	304	110
Genus_013	0	0	4544	7	221	15	3	29	0	5	0	81	5	137	0	0	67	568	155	790	3	774	0	496	0	10	73	501	0	5	0	29	8	3429	0	0	0	6	0	102	0	0	0	15	0	0	603	365	755	8	266	32	433	94	7	14	0	0	0	0	10	0	9	81	51	3	1244	10	407	568	151	662	422	0	34	18	177	0	27	0	72	1371	98	1123	6021	844	1655	274	45
Genus_014	8	80	1372	46	218	851	36	200	37	433	52	254	30	285	110	432	63	62	14	0	406	333	0	328	10	5	17	48	139	662	10	48	0	26	0	0	749	0	1164	0	189	204	79	0	0	0	0	19	0	0	0	43	0	0	0	0	0	0	0	0	0	0	0	0	0	0	2	0	0	0	40	0	187	0	171	0	0	0	17	0	55	0	111	0	0	0	0	0	0
Genus_015	0	15	107	0	6	0	0	0	0	0	0	4	0	0	0	0	0	319	0	18	0	533	0	80	0	59	0	19	0	0	0	11	0	2533	0	0	0	8	0	52	0	0	0	112	0	0	17	0	19	0	0	0	0	0	14	0	0	0	0	0	0	0	0	6	0	0	259	0	35	27	6	9	30	0	33	0	9	0	0	0	22	75	0	17	377	53	52	0	3
Genus_016	7	259	9	2	490	0	21	0	0	0	42	1007	512	3757	0	5	1923	3738	2884	24746	163	2789	317	9942	137	410	1183	8392	304	2105	230	2124	453	6257	34	0	0	0	0	0	0	0	0	0	0	0	1518	1276	27	0	25	0	0	0	0	0	0	39	981	78	463	124	252	219	3561	204	4130	151	376	53785	7043	24233	7382	176	166	297	5904	123	76	37	211	32391	953	13618	3404	16508	447	18310	6199
Genus_017	0	6	1077	0	49	0	0	0	0	32	0	0	0	0	0	0	9	184	0	55	0	340	0	433	8	197	0	51	0	8	0	0	0	903	0	0	0	0	0	0	0	0	0	193	0	0	229	18	30	0	32	0	0	0	0	0	0	0	0	0	0	0	0	9	14	0	661	9	128	0	9	0	20	5	68	0	0	0	15	2	276	250	27	197	1071	131	1579	33	18
Genus_018	0	0	12	0	60	0	0	0	0	9	0	3	0	0	0	4	0	0	0	0	0	0	0	0	0	0	0	0	0	0	0	0	0	0	0	0	0	0	0	0	0	0	0	0	0	0	0	0	0	0	0	0	0	0	0	0	0	0	1147	208	730	240	238	180	782	89	1192	553	126	152	55	10	49	0	276	351	601	611	508	1494	133	1691	532	218	57	1011	29	1248	722
Genus_019	43	75	81	0	37	0	0	0	0	0	57	8	60	77	0	0	75	0	134	172	0	50	75	738	70	47	106	354	0	33	27	98	0	182	0	0	0	0	0	0	0	0	0	0	0	0	0	0	0	0	0	0	0	0	0	0	0	0	1585	322	782	223	114	77	1669	56	346	28	0	3400	226	1149	204	0	0	250	120	61	23	0	10	3940	19	4067	303	5617	23	2590	349
Genus_020	0	0	204	0	0	0	0	3	0	13	0	0	0	8	0	0	0	0	0	0	0	0	0	0	0	0	0	0	0	0	0	5	0	123	0	0	41	0	0	230	0	0	0	162	0	0	0	0	0	0	8	0	109	0	27	0	0	0	10	0	0	0	0	35	433	22	93	0	27	18	0	5	24	0	49	0	16	0	3	0	41	78	37	51	144	4	56	17	5
Genus_021	0	0	0	0	189	2	0	0	0	0	0	0	0	8	0	0	82	413	0	19	0	625	0	167	0	212	7	37	0	0	0	10	0	442	0	0	0	12	0	0	0	0	0	0	0	0	0	14	40	0	0	31	0	0	0	0	0	0	0	0	0	0	0	0	0	0	62	105	535	252	0	550	352	0	130	7	225	0	64	0	197	1298	220	1232	4504	3172	2878	658	256
Genus_022	0	0	0	0	0	0	0	0	0	0	0	0	0	0	0	0	0	0	0	0	0	0	0	0	0	0	0	0	0	0	0	0	0	0	0	0	0	0	0	0	0	0	0	0	0	0	0	0	0	0	0	0	0	0	0	0	0	0	0	0	0	0	0	0	0	0	0	0	0	0	11	0	119	0	148	0	0	0	0	0	37	0	133	0	0	0	0	0	0
Genus_023	0	0	0	0	2	0	0	0	0	0	0	0	0	0	0	0	0	119	0	0	0	211	0	71	0	17	0	0	0	0	0	0	0	2254	0	0	0	0	0	0	0	0	0	0	0	0	0	0	0	0	0	0	0	0	0	0	0	0	0	0	0	0	0	0	0	0	119	3	58	0	2	0	0	0	6	0	0	0	0	0	0	0	24	0	291	0	29	0	0
Genus_024	0	6771	5511	0	2467	7362	0	2377	0	4361	0	2404	0	2808	0	2511	0	0	0	799	0	6599	0	8725	0	972	0	2459	0	2256	0	2518	0	1729	0	0	0	0	0	0	0	0	0	0	0	0	0	0	0	0	0	0	0	0	0	0	0	0	0	0	0	0	0	0	0	0	0	0	0	0	0	0	0	0	0	0	0	0	0	0	0	0	0	0	0	0	0	0	0
Genus_025	0	0	0	0	0	0	0	0	0	0	0	0	0	0	0	0	0	0	0	0	0	0	0	0	0	0	0	0	0	0	0	0	0	0	0	0	0	0	0	0	0	0	0	0	0	0	0	0	0	0	0	0	0	0	0	0	0	0	0	0	0	0	0	0	0	0	0	0	0	0	0	0	0	0	0	0	0	0	0	0	0	0	22	0	0	0	0	0	0
Genus_026	0	32	90	0	63	52	0	18	0	25	0	31	0	0	0	7	0	0	0	0	0	0	0	0	4	5	0	14	0	0	0	0	0	9	94	13	48	18	225	0	31	43	96	14	4	0	40	14	358	0	23	0	0	66	0	0	0	0	0	0	7	2	0	0	10	0	10	109	0	110	15	949	210	0	16	0	134	0	43	0	0	1646	61	6986	288	75	0	135476	870
Genus_027	0	0	0	0	0	0	0	0	0	0	0	0	0	0	0	0	0	0	0	0	0	14	0	12	0	0	0	0	0	0	0	0	0	17	0	0	0	0	0	0	0	0	0	0	0	0	0	0	0	0	0	0	0	0	0	0	0	0	0	0	0	0	0	0	0	0	0	0	8	0	23	0	200	0	427	0	0	0	0	0	185	0	341	0	0	0	0	0	0
Genus_028	0	0	0	0	0	0	0	0	0	0	0	0	0	0	0	0	0	0	0	0	0	0	0	0	0	0	0	0	0	0	0	0	0	11	0	0	0	0	0	0	0	0	0	0	0	0	0	0	0	0	0	0	0	0	0	0	0	0	0	0	0	0	0	0	0	0	0	0	0	0	0	0	0	0	13	0	0	0	0	0	0	0	10	0	11	0	0	0	0
Genus_029	0	0	1099	0	0	16	0	0	0	9	23	149	0	20	0	0	63	346	0	21	0	709	0	181	0	56	0	0	0	0	0	0	0	2172	0	0	0	0	0	25	0	0	0	28	0	0	0	0	0	0	0	0	0	0	0	0	0	0	0	10	0	0	0	0	9	5	46	0	16	38	162	28	564	0	1379	0	17	0	26	0	254	0	786	0	39	0	18	0	0
Genus_030	0	0	0	0	0	0	0	0	0	0	0	0	0	0	0	0	0	0	0	0	0	0	0	0	0	0	0	0	0	0	0	0	0	0	0	0	0	0	0	0	0	0	0	0	0	0	0	0	0	0	0	0	0	0	0	0	0	0	0	0	0	0	0	0	0	0	0	0	0	0	7	16	7	0	0	0	0	0	0	0	0	0	20	0	0	0	0	0	0
Genus_031	0	32	1783	0	56	9	0	22	0	0	0	346	133	1134	0	6	80	528	351	2826	0	114	51	1376	0	57	65	1190	0	114	0	30	56	1415	130	37	1303	0	0	79	430	655	0	0	0	223	1238	971	625	95	234	173	974	151	0	261	0	0	822	164	265	89	24	136	1512	213	439	0	9	1203	146	715	329	0	141	0	577	0	0	0	10	3381	168	1530	682	324	63	421	137
Genus_032	0	0	0	0	5	0	0	0	0	0	0	0	0	2	0	0	6	104	0	0	0	171	0	81	0	22	0	0	0	0	0	0	0	227	0	0	0	0	0	0	0	0	0	0	0	0	12	0	0	0	0	3	0	0	0	0	0	0	0	0	0	0	0	0	0	0	40	0	18	10	0	0	7	0	34	0	0	0	0	0	24	17	0	16	104	0	37	3	0
Genus_033	143	622	3539	77	1116	170	576	2957	46	742	3428	9971	674	2547	308	469	1317	860	2242	7616	4345	3091	2045	29310	1141	941	2989	15534	4018	7464	7472	20161	3646	20773	4033	568	1826	129	17646	200	9112	7842	5403	1604	5876	1567	1507	357	10832	176	19065	3266	11763	4174	325	17861	17496	3338	17469	2445	15624	2668	5294	1822	4068	254	3308	104028	413	15261	1084	37186	16080	4336	242	30176	7927	55466	33677	24211	373	72466	5327	74924	7604	113061	1188	61395	10315
Genus_034	0	0	0	0	0	0	0	0	0	13	0	0	0	0	0	0	0	0	0	0	0	0	0	0	0	0	0	0	0	0	0	0	0	0	0	0	0	0	0	0	0	0	0	0	0	0	0	0	0	0	0	0	0	0	0	0	0	0	0	0	0	0	0	0	0	0	0	0	0	0	0	0	0	0	0	0	0	0	0	0	0	0	0	0	0	0	0	0	0
Genus_035	0	28	0	0	22	18	0	0	0	9	0	14	0	8	0	4	0	0	0	0	0	10	0	0	0	0	0	0	0	0	0	0	0	0	0	0	0	0	0	0	0	0	0	0	0	0	0	0	0	0	0	0	0	0	0	0	0	0	0	0	0	0	0	0	0	0	0	0	0	0	0	0	15	0	0	0	0	0	0	0	0	0	46	0	0	0	0	0	0
Genus_036	0	0	11	0	0	0	0	0	0	0	0	0	0	0	0	0	0	35	0	0	0	13	0	35	0	0	0	0	0	0	0	0	0	38	0	0	0	0	0	0	0	0	0	0	0	0	0	0	0	0	0	0	0	0	0	0	0	0	0	0	0	0	0	0	0	0	0	0	24	0	0	8	0	0	0	0	0	0	0	0	72	7	0	0	33	9	382	5	0
Genus_037	0	0	5	0	0	7	0	0	0	0	0	0	0	0	0	0	0	0	0	0	0	14	0	5	0	0	0	0	0	0	0	0	0	74	0	0	0	0	0	0	0	0	0	0	0	0	0	0	0	0	0	0	0	0	0	0	0	0	0	0	0	0	0	0	0	0	16	0	9	19	25	0	62	0	72	0	0	0	0	0	24	15	36	0	17	0	9	0	0
Genus_038	0	0	0	0	7	0	0	0	0	0	0	0	0	0	0	0	0	6	0	0	0	0	0	0	0	2	0	0	0	0	0	0	0	12	0	0	0	0	0	0	0	0	0	0	0	0	0	0	0	0	0	0	0	0	0	0	0	0	0	11	0	0	0	0	0	0	0	0	0	0	0	0	13	0	13	0	0	0	0	0	0	0	0	0	19	0	0	0	0
Genus_039	0	0	0	0	0	0	0	0	0	0	0	0	0	0	0	0	0	0	0	11	0	5	0	0	0	0	0	0	0	0	0	0	0	0	0	0	15	0	0	0	0	0	0	0	0	0	0	0	0	0	0	0	0	0	0	0	0	0	0	0	0	0	0	0	0	0	0	0	0	0	0	0	0	0	0	0	0	0	0	0	15	0	36	0	0	0	0	0	0
Genus_040	0	0	102	0	0	0	0	0	0	0	0	0	0	0	0	0	0	78	7	35	0	149	3	53	0	10	0	0	0	0	0	0	0	491	0	0	0	4	0	0	0	37	0	0	0	0	35	0	0	0	0	0	9	0	0	0	0	0	24	0	16	0	23	25	17	0	102	0	0	0	0	0	86	0	142	0	8	0	0	0	11	33	71	0	9	0	7	0	0
Genus_041	0	0	0	0	4	0	0	0	0	0	0	0	0	0	0	0	0	19	0	0	0	22	0	0	0	0	0	0	0	0	0	2	0	146	0	0	0	0	0	10	0	0	0	0	0	0	0	0	0	0	0	0	0	0	0	0	0	0	0	0	0	0	0	0	0	0	62	0	0	0	0	0	0	0	0	0	0	0	0	0	10	17	0	10	47	0	10	0	0
Genus_042	0	27	18	0	8	13	0	0	0	0	0	10	0	12	0	0	0	0	0	0	0	19	0	27	0	0	0	0	0	0	0	0	0	0	0	0	0	0	0	0	0	0	0	0	0	0	0	0	31	0	0	0	0	0	0	0	0	0	0	0	0	0	0	0	58	0	0	34	0	137	11	167	64	18	0	0	0	0	0	0	0	68	7	0	0	0	0	2779	16
Genus_043	7	45	173	0	14	0	0	0	0	0	0	0	0	4	0	0	34	128	61	213	0	158	3	93	0	13	19	169	0	13	0	0	16	1054	0	0	9	0	0	0	0	0	0	0	0	0	10	0	70	0	0	75	0	0	0	0	0	0	9	0	0	0	0	0	0	0	0	0	0	504	125	344	115	8	60	0	201	0	11	0	0	836	87	250	299	16	0	43	18
Genus_044	0	0	0	0	0	0	0	0	0	0	0	0	0	0	0	0	0	5	0	6	0	0	0	40	0	0	0	28	4	38	25	105	0	85	0	0	0	0	0	0	0	0	0	0	0	0	0	0	0	0	0	0	0	0	0	0	0	0	0	0	0	0	0	0	0	0	10	9	37	77	4	34	0	0	0	0	3	0	0	0	3	52	11	13	19	2	14	5	6
Genus_045	0	0	10	0	3	0	0	0	0	0	0	0	0	7	0	0	3	22	0	4	0	24	0	38	0	0	0	0	0	0	0	0	0	10	0	0	0	0	0	0	0	0	0	0	0	0	0	0	10	0	0	0	0	0	0	0	0	0	0	0	0	0	0	0	0	0	0	0	7	145	10	16	40	0	20	0	0	0	0	0	4	13	0	42	65	36	6	16	0
Genus_046	0	0	82	0	0	0	0	0	0	0	0	0	0	0	0	0	0	44	0	0	0	57	0	0	0	0	0	0	0	0	0	6	0	313	0	0	0	0	0	98	0	0	0	209	0	0	0	0	0	0	0	0	0	0	106	0	0	0	0	0	10	8	0	60	0	0	95	0	0	0	0	15	0	0	0	11	17	0	8	0	30	58	13	49	111	79	62	21	12
Genus_047	0	0	0	0	0	0	0	0	0	0	0	0	0	0	0	0	0	0	0	0	0	0	0	0	0	0	0	0	0	0	0	0	0	0	0	0	0	0	0	0	0	0	0	0	0	0	0	0	0	0	0	0	0	0	0	0	0	0	0	0	0	0	0	0	0	0	0	0	0	0	0	0	0	0	21	0	0	0	0	0	21	0	0	0	0	0	0	0	0
Genus_048	0	7	47	0	0	7	0	0	0	42	0	0	0	15	0	0	9	766	0	0	0	0	0	0	30	15	0	0	0	0	0	0	0	0	0	0	0	0	0	0	12	0	22	20	0	0	0	0	0	0	0	0	0	0	0	0	0	0	0	0	2	0	0	0	5	0	0	59	0	115	0	208	80	12	0	4	5	0	0	13	0	15	45	0	0	0	0	57	0
Genus_049	0	0	0	0	0	0	0	0	0	0	0	0	0	0	0	0	0	0	0	0	0	0	0	0	0	0	0	0	0	0	0	0	0	0	0	0	0	0	0	0	0	0	0	0	0	0	0	0	0	0	0	0	0	0	0	0	0	0	0	0	0	0	0	0	0	0	0	0	0	0	0	0	0	0	28	0	0	0	0	0	0	0	0	0	0	0	0	0	0
Genus_050	0	0	273	0	0	0	0	0	0	0	0	0	0	0	0	0	0	8	0	7	0	0	0	46	0	0	0	0	0	0	0	0	0	28	0	0	11	0	0	25	0	0	0	0	0	0	0	0	0	0	0	0	0	0	0	0	0	0	0	0	0	0	0	0	0	0	25	0	6	0	0	0	21	0	0	0	3	0	0	0	0	0	13	0	18	0	4	0	0
Genus_051	0	0	46	0	32	0	0	0	0	0	0	0	0	18	0	0	29	258	135	778	0	33	12	364	0	7	108	705	0	37	7	15	16	165	0	0	0	0	0	12	0	0	0	0	0	0	436	170	371	28	193	20	1034	195	0	0	0	19	0	0	0	0	0	0	0	0	472	0	60	265	29	350	176	0	27	0	506	0	24	0	16	2839	104	1142	688	872	56	303	99
Genus_052	0	0	0	0	0	0	0	0	0	0	0	0	0	0	0	0	0	17	0	0	0	20	0	0	0	0	0	4	0	0	0	0	0	91	0	0	0	0	0	0	0	0	0	0	0	0	0	0	0	0	0	0	0	0	0	0	0	0	0	0	0	0	0	0	0	0	38	0	8	0	0	0	23	0	16	0	0	0	0	0	12	0	18	0	14	0	10	0	0
Genus_053	0	0	94	0	4	0	0	0	0	0	0	0	0	0	0	0	0	45	0	0	0	89	0	14	0	0	0	8	0	0	0	0	0	214	0	0	0	0	0	21	0	0	0	0	0	0	25	6	0	0	9	0	30	0	0	0	0	0	25	3	0	3	10	29	0	0	32	0	7	0	0	0	19	0	0	0	0	0	0	0	0	16	4	0	47	0	0	0	0
Genus_054	0	0	0	0	0	0	0	0	0	0	0	16	0	0	0	0	0	0	0	0	0	0	0	0	0	0	0	0	0	0	0	0	0	0	0	0	0	0	0	0	0	0	0	0	0	0	0	0	0	0	0	0	0	0	0	0	0	0	0	0	0	0	0	0	0	0	0	0	0	0	0	0	0	0	0	0	0	0	0	0	0	0	0	0	0	0	0	0	0
Genus_055	0	0	0	0	0	0	0	0	0	0	0	0	0	0	0	0	0	0	0	0	0	0	0	0	0	0	0	0	0	5	0	0	0	0	0	0	0	0	0	0	0	0	0	0	0	0	0	0	0	0	0	0	0	0	0	0	0	0	0	0	0	0	0	0	0	0	0	0	0	5	0	0	12	0	0	0	0	0	0	0	0	0	0	0	0	0	0	5	0
Genus_056	0	0	0	0	0	0	0	0	0	0	0	0	0	0	0	0	0	0	0	0	0	0	0	7	0	0	0	0	0	0	0	0	0	12	0	0	0	0	0	0	0	0	0	0	0	0	346	81	243	18	47	16	230	93	0	0	0	0	0	0	0	0	0	0	0	0	0	0	0	0	0	0	51	0	32	0	26	0	8	0	30	163	38	165	16	150	50	227	53
Genus_057	0	0	15	0	0	0	0	0	0	0	0	0	0	0	0	0	0	0	0	0	0	0	0	0	0	0	0	0	0	0	0	0	0	0	0	0	0	0	0	0	0	0	0	0	0	0	0	0	0	0	0	0	0	0	0	0	0	0	0	0	0	0	0	0	0	0	0	0	0	0	0	0	0	0	0	0	0	0	0	0	0	0	0	0	0	0	0	0	0
Genus_058	0	0	0	0	0	0	0	0	0	0	0	0	0	0	0	0	0	0	0	0	0	0	0	17	0	0	0	0	3	17	0	0	0	0	0	0	0	0	0	0	0	0	0	0	0	0	0	0	0	0	0	0	0	0	0	0	0	0	0	0	0	0	0	0	0	0	0	10	0	19	0	205	105	0	0	0	0	0	0	0	0	0	0	0	0	4	0	17	0
Genus_059	0	0	0	0	0	0	0	0	0	0	0	0	0	0	0	0	0	0	0	0	0	0	0	0	0	0	0	0	0	0	0	0	0	0	0	0	0	0	0	0	0	0	0	0	0	0	3371	1775	1948	118	2374	854	0	0	0	0	0	0	0	0	0	0	0	0	0	0	0	0	0	0	0	0	60	0	0	0	0	0	0	0	0	0	22	0	0	0	0	0	0
Genus_060	0	0	0	0	0	0	0	0	0	0	0	3	0	0	0	6	0	0	0	0	0	0	0	0	0	0	0	0	0	0	0	0	0	0	0	0	0	0	0	0	0	0	0	0	0	0	0	0	0	0	0	0	0	0	0	0	0	0	0	0	0	0	0	0	0	0	0	0	0	0	0	0	0	0	0	0	0	0	0	0	0	0	5	0	0	0	0	0	0
Genus_061	0	0	1563	0	148	14	0	12	0	45	0	0	0	24	0	0	0	1011	0	0	0	635	0	18	0	484	0	27	0	132	0	0	0	1986	0	0	0	0	0	0	0	0	0	0	0	0	0	0	0	0	0	0	0	0	0	0	0	0	0	0	0	0	0	32	210	25	1155	0	164	34	70	0	0	0	9	2	0	0	73	0	181	0	13	6	4570	0	716	0	0
Genus_062	0	0	0	0	0	0	0	0	0	0	0	0	0	0	0	0	0	0	0	0	0	0	0	0	0	0	0	0	0	0	0	0	0	0	0	0	0	0	0	0	0	0	0	0	0	0	0	0	0	0	0	0	0	0	0	0	0	0	0	0	0	0	0	0	0	0	0	0	0	0	0	0	18	0	66	0	7	0	7	0	35	0	0	0	0	0	0	0	0
Genus_063	0	0	0	0	0	0	0	0	0	0	0	0	0	0	0	0	0	0	0	0	0	0	0	0	0	0	0	0	0	0	0	0	0	0	0	0	0	0	0	0	0	0	0	0	0	0	0	0	0	0	0	0	0	0	0	0	0	0	0	0	0	0	0	0	0	4	0	0	0	0	0	0	0	0	38	0	0	0	0	0	0	0	65	0	0	0	0	0	0
Genus_064	0	0	0	0	0	0	0	0	0	0	0	0	0	0	0	0	0	0	0	0	0	0	0	0	0	0	0	0	0	0	0	0	0	0	0	0	0	0	0	0	0	0	0	0	0	0	0	0	0	0	0	0	0	0	0	0	0	0	0	0	0	0	0	0	0	0	0	0	0	0	0	0	20	0	0	0	0	0	0	0	0	0	0	0	0	0	0	5	0
Genus_065	0	0	0	0	0	0	0	0	0	0	0	0	0	0	0	0	0	187	0	0	0	44	0	77	0	0	0	0	0	51	0	5	0	1021	0	0	0	0	0	0	0	0	0	0	0	0	0	0	172	0	0	0	0	19	6	0	0	7	0	3	0	0	0	0	0	0	0	0	30	16	31	32	36	0	0	0	4	0	0	0	15	29	0	0	33	0	102	0	0
Genus_066	0	0	0	0	8	0	0	0	0	0	0	0	0	0	0	0	0	146	36	188	0	228	0	92	0	15	8	89	0	0	0	0	5	364	0	0	0	0	0	0	0	0	0	0	0	0	0	69	442	0	0	0	0	20	0	0	0	0	0	0	0	0	0	0	0	0	304	0	63	636	56	0	23	0	34	0	94	0	17	0	0	875	30	277	407	45	88	57	49
Genus_067	0	0	0	0	0	0	0	0	0	0	0	0	0	0	0	0	0	0	0	0	0	2	0	0	0	0	0	0	0	0	0	0	0	6	0	0	0	0	0	0	0	0	0	0	0	0	0	0	0	0	0	0	0	0	0	0	0	0	0	0	0	0	0	0	0	0	0	0	0	0	0	0	14	0	0	0	0	0	0	0	0	2	0	0	0	0	2	0	0
Genus_068	0	0	0	0	0	0	0	0	0	0	0	0	0	0	0	0	0	0	0	0	0	0	0	0	0	0	0	0	0	0	0	0	0	0	0	0	0	0	0	0	0	0	0	0	0	0	0	0	0	0	0	0	0	0	0	0	0	0	0	0	0	0	0	0	0	0	0	0	0	0	0	0	16	0	86	0	0	0	0	0	0	0	42	0	0	0	0	0	0
Genus_069	0	0	0	0	0	0	0	0	0	0	0	0	0	0	0	0	19	0	0	0	0	0	0	57	0	0	0	0	0	0	0	0	0	0	0	0	0	0	0	0	0	0	0	0	0	0	0	0	0	0	0	0	0	0	0	0	0	0	0	0	0	0	0	0	0	0	0	0	0	0	0	77	137	0	0	0	0	0	0	0	0	0	0	0	0	0	0	0	0
Genus_070	0	0	0	0	0	0	0	0	0	0	0	0	0	0	0	0	0	0	0	0	0	0	0	0	0	0	0	0	0	0	0	0	0	0	0	0	0	0	0	0	0	0	0	0	0	0	0	0	0	0	0	0	0	0	0	0	0	0	0	0	0	0	0	0	0	14	0	0	12	0	115	0	535	0	924	0	0	0	0	0	203	0	626	0	0	0	8	0	0
Genus_071	0	0	0	0	0	0	0	0	0	0	0	0	0	0	0	0	0	0	0	0	0	0	0	0	0	0	0	0	0	0	0	0	0	0	0	0	0	0	0	0	0	0	0	0	0	0	0	0	0	0	0	0	0	0	0	0	0	0	0	4	0	0	0	3	0	2	0	0	0	0	0	0	12	0	34	0	0	0	0	0	15	0	14	0	0	0	0	0	0
Genus_072	0	15	0	0	0	0	0	0	0	0	0	0	0	0	0	0	0	0	0	0	0	0	0	0	0	0	0	0	0	0	0	0	0	0	0	0	0	0	0	0	0	0	0	0	0	0	0	0	0	0	0	0	0	0	0	0	0	0	0	12	0	0	0	0	0	0	0	0	0	0	54	0	50	0	401	0	0	0	14	0	241	0	234	0	0	0	0	0	0
Genus_073	0	0	0	0	18	18	0	0	0	0	0	11	0	0	0	0	1205	1081	846	4059	1286	1875	1688	35214	1365	2031	820	2616	0	0	0	0	0	0	0	0	0	0	0	0	0	0	0	0	0	0	0	0	0	0	0	0	0	0	0	0	0	0	17	13	17	0	5	0	13	0	937	4259	95	2181	104	0	172	1171	206	4370	302	3391	371	8773	101	3353	408	798	38	7392	40	4371	323
Genus_074	0	0	0	0	57	5	0	0	0	0	0	0	0	0	0	0	0	106	0	15	0	169	0	0	0	13	0	4	0	0	0	0	0	2717	0	0	0	0	0	0	0	0	0	0	0	0	0	0	0	0	0	17	0	0	0	0	0	0	24	0	0	0	0	35	67	10	572	5	80	14	32	23	85	0	152	0	9	0	0	0	58	92	121	11	1168	0	226	0	0
Genus_075	0	0	0	0	7	0	0	0	0	0	0	0	0	0	0	0	0	7	0	0	0	29	0	0	0	0	0	0	0	0	0	0	0	68	0	0	0	0	0	0	0	0	0	0	0	0	0	0	27	3	14	0	11	0	0	0	0	0	0	0	0	0	0	0	0	0	23	0	0	16	0	0	0	0	0	0	0	0	0	0	0	87	10	57	36	8	0	8	0
Genus_076	0	0	0	0	0	0	0	0	0	0	0	0	0	0	0	0	0	0	0	0	0	0	0	0	0	0	0	0	0	0	0	0	0	0	0	0	0	0	0	0	0	0	0	0	0	0	0	0	0	0	0	0	0	0	0	0	0	0	0	0	0	0	0	0	0	0	0	0	0	0	0	0	0	0	12	0	0	0	0	0	0	0	0	0	0	0	0	0	0
Genus_077	0	0	121	0	11	0	0	0	0	0	0	0	0	8	0	0	0	229	0	90	0	72	0	43	0	12	0	20	0	98	6	67	50	3521	0	0	91	0	0	0	91	90	0	293	0	0	147	0	272	18	0	0	202	0	0	68	0	21	0	0	0	0	0	18	0	0	107	0	20	114	0	166	193	0	52	0	0	0	20	0	0	115	17	0	214	0	42	0	0
Genus_078	0	0	0	0	0	0	0	0	0	0	0	0	0	0	0	0	0	0	0	0	0	0	0	0	0	0	0	0	0	0	0	0	0	0	0	0	0	0	0	0	0	0	0	0	0	0	0	0	0	0	0	0	0	0	0	0	0	0	0	0	0	0	0	0	0	0	0	0	0	0	0	0	13	0	0	0	0	0	0	0	0	0	0	0	0	0	0	0	0
Genus_079	0	0	0	0	0	0	0	0	0	0	0	0	0	0	0	0	0	0	0	0	0	0	0	0	0	0	0	0	0	0	0	0	0	0	0	0	0	0	0	0	0	0	0	0	0	0	0	0	0	0	0	0	0	0	0	0	0	0	0	0	0	0	0	0	0	0	0	0	0	0	0	0	0	0	0	0	0	0	0	0	0	0	10	0	0	0	0	0	0
Genus_080	0	0	234	0	0	0	0	0	0	0	0	0	0	107	0	0	16	46	0	152	0	48	0	79	0	0	0	74	0	0	0	16	0	0	0	0	0	0	0	0	0	0	0	0	0	0	284	77	96	19	0	0	37	0	0	0	0	0	0	0	0	0	0	0	0	0	26	0	3	32	17	0	83	0	164	0	29	0	0	0	104	249	60	309	53	98	13	208	61
Genus_081	0	0	66	0	0	0	0	0	0	0	0	0	0	0	0	0	0	0	0	0	0	24	0	0	0	0	0	0	0	0	0	0	0	48	0	0	0	0	0	0	0	0	0	0	0	0	0	0	100	0	0	0	0	0	0	0	0	0	0	0	0	0	0	0	24	0	0	0	0	14	0	0	0	0	0	0	0	0	0	0	0	0	16	0	11	0	0	0	0
Genus_082	0	0	0	0	0	0	0	0	0	0	0	0	0	7	0	0	9	105	0	0	0	84	0	14	0	0	0	9	0	36	0	12	0	1250	0	0	0	0	0	0	0	0	0	0	0	0	58	0	28	0	0	0	0	0	0	0	0	0	0	0	0	0	0	16	0	0	31	0	19	145	25	49	41	0	84	0	0	0	0	0	0	143	0	103	244	26	363	0	0
Genus_083	0	0	0	0	0	0	0	0	0	0	0	0	0	0	0	0	0	0	0	0	0	0	0	0	0	0	0	0	0	0	0	0	0	0	0	0	0	0	0	0	0	0	0	0	0	0	0	0	0	0	0	0	0	0	0	0	0	0	0	0	0	0	0	0	0	0	3	0	0	2	0	0	0	0	0	0	0	0	0	0	0	0	19	0	2	0	4	7	0
Genus_084	0	0	0	0	0	0	0	0	0	0	0	0	0	0	0	0	0	0	0	0	0	0	0	0	0	0	0	0	0	0	0	0	0	0	0	0	0	0	0	0	0	0	0	0	0	0	0	0	0	0	0	0	0	0	0	0	0	0	0	0	0	0	0	0	0	0	0	0	0	0	0	0	23	0	36	0	0	0	0	0	0	0	28	0	0	0	0	0	0
Genus_085	0	0	0	0	0	0	0	0	0	0	0	0	0	0	0	0	0	0	0	0	0	0	0	0	0	0	0	0	0	0	0	0	0	0	0	0	0	0	0	0	0	0	0	0	0	0	0	0	0	0	0	0	0	0	0	0	0	0	0	3	0	0	0	0	0	0	0	0	0	0	0	0	16	0	103	0	0	0	0	0	44	0	65	0	0	0	0	0	0
Genus_086	0	0	0	0	0	0	0	0	0	0	0	0	0	0	0	0	0	0	0	0	0	0	0	0	0	0	0	0	0	0	0	0	0	0	0	0	0	0	0	0	0	0	0	0	0	0	0	0	0	0	0	0	0	0	0	0	0	0	0	0	0	0	0	0	0	0	0	0	0	0	0	0	38	0	99	0	0	0	0	0	69	0	117	0	0	0	0	0	0
Genus_087	0	0	0	0	0	0	0	0	0	0	0	0	0	0	0	0	0	8	6	28	0	0	0	66	0	4	0	34	0	0	0	4	0	0	0	0	0	0	0	0	0	0	0	0	0	0	0	0	0	0	0	0	0	0	0	0	0	0	0	0	0	0	0	0	0	0	0	0	0	0	0	0	0	0	0	0	0	0	0	0	0	0	0	0	0	0	0	0	0
Genus_088	0	0	5	0	0	0	0	0	0	0	0	0	0	0	0	0	0	59	0	0	0	37	0	6	0	5	0	0	0	0	0	0	0	247	0	0	0	0	0	0	0	0	0	0	0	0	59	0	164	0	115	0	141	32	0	0	0	0	0	0	0	0	0	0	0	0	90	0	15	30	13	9	0	0	45	0	0	0	0	0	19	199	60	191	322	53	173	13	10
Genus_089	0	0	0	0	0	0	0	0	0	0	0	10	0	0	0	0	0	0	0	0	0	0	0	0	0	0	0	0	0	0	0	0	0	0	0	0	0	0	0	0	0	0	0	0	0	0	0	0	0	0	0	0	0	0	0	0	0	0	0	0	0	0	0	0	0	0	0	0	0	0	0	0	0	0	0	0	0	0	0	0	0	0	0	0	0	0	0	0	0
Genus_090	0	0	0	0	0	0	0	0	0	0	0	0	0	0	0	0	0	0	0	0	0	0	0	0	0	0	0	0	0	0	0	0	0	0	0	0	0	0	0	0	0	0	0	0	0	0	0	0	0	0	0	0	0	0	0	0	0	0	0	0	0	0	0	0	0	0	0	0	0	0	0	0	0	0	36	0	0	0	0	0	0	0	0	0	0	0	0	0	0
Genus_091	0	0	0	0	0	0	0	0	0	0	0	0	0	0	0	0	0	0	0	0	0	0	0	0	0	0	0	0	0	0	0	0	0	0	0	0	0	0	0	0	0	0	0	0	0	0	0	0	0	0	0	0	0	0	0	0	0	0	0	0	0	0	0	0	0	0	0	0	0	0	18	0	79	0	160	0	0	0	9	0	39	0	69	0	0	0	0	0	5
Genus_092	0	0	0	0	8	0	0	0	0	0	0	0	0	0	0	0	0	5	0	0	0	38	0	0	0	5	0	0	0	0	0	0	0	0	0	0	0	0	0	0	0	0	0	0	0	0	0	0	0	0	0	0	0	0	0	0	0	0	0	0	0	0	0	0	0	0	143	11	89	0	0	0	0	0	18	0	0	0	0	0	5	0	0	0	236	0	52	0	0
Genus_093	2123	8944	328	267	350	941	1496	2623	62	56	408	1306	143	601	0	0	20	12	10	23	0	12	0	150	10	0	0	17	3	0	0	0	0	12	6388	810	3642	0	4544	0	4767	2721	5123	511	4817	571	3125	460	0	0	537	134	917	0	346	703	2203	0	103437	30302	118698	26555	60546	27432	136364	10218	1707	3164	2679	22427	913	10753	3316	13941	995	48466	72	28219	6021	71436	799	442	1803	479	0	830	49	633	51
Genus_094	0	0	0	0	0	0	0	0	0	0	0	0	0	10	0	0	0	8	4	18	0	4	0	45	0	0	0	0	0	0	0	0	0	19	0	0	0	0	0	0	0	0	0	0	0	0	0	0	0	0	11	0	0	0	0	0	0	0	0	0	0	0	2	0	8	0	13	0	9	14	0	34	0	0	0	0	0	0	0	0	0	62	0	70	19	13	0	40	12
Genus_095	0	0	0	0	0	0	0	0	0	0	0	0	0	0	0	0	0	0	0	0	0	0	0	0	0	0	0	0	0	0	0	0	0	0	0	0	0	0	0	0	0	0	0	0	0	0	0	0	0	0	0	0	0	0	0	0	0	0	0	0	0	0	0	0	0	0	0	0	0	0	13	0	0	0	97	0	0	0	0	0	0	0	54	0	0	0	0	0	0
Genus_096	0	0	0	0	0	0	0	0	0	0	0	0	0	0	0	0	0	0	0	0	0	0	0	0	0	0	0	0	0	0	0	0	0	0	0	0	0	0	0	0	0	0	0	0	0	0	0	0	0	0	0	0	0	0	0	0	0	0	0	0	0	0	0	0	0	0	0	0	0	0	31	0	33	0	168	0	0	0	0	0	66	0	157	0	0	0	0	0	0
Genus_097	0	0	0	0	5	0	0	0	0	0	0	0	0	0	0	0	0	0	0	0	0	0	0	0	0	0	0	0	0	0	0	0	0	0	0	0	0	0	0	0	0	0	0	0	0	0	0	0	0	0	0	0	0	0	0	0	0	0	0	0	0	0	0	0	0	0	0	0	0	0	0	0	15	0	20	0	0	0	0	0	0	0	30	0	0	0	0	0	0
Genus_098	0	0	0	471	4401	20945	1051	25194	129	294	0	1923	345	6228	0	34	0	0	0	24	0	28	203	4152	268	262	6	38	0	0	0	9	0	0	0	0	0	0	0	0	0	0	0	0	0	0	0	0	0	0	0	0	0	7	0	0	0	0	0	0	0	0	18	0	349	0	0	0	0	16	0	0	0	875	23	12935	0	3408	1385	1150	51	0	411	24	0	0	0	24	0
Genus_099	0	0	104	0	320	15	7	35	0	0	174	595	9	34	0	0	106	49	30	106	0	137	23	180	0	26	0	0	0	8	0	0	0	0	0	0	881	25	0	0	1305	1172	153	153	986	304	0	0	0	0	0	0	0	0	144	0	0	0	0	8	0	0	3	0	4	0	463	50	131	11993	1119	6152	1539	16	543	0	1626	21	48	0	322	13068	744	6833	572	1547	374	12650	3258
Genus_100	0	0	15	0	0	0	0	0	0	0	0	20	0	0	0	0	0	0	0	0	0	0	0	10	0	0	0	0	0	0	0	0	0	0	0	0	0	0	0	0	0	0	0	0	0	0	0	0	0	0	0	0	0	0	0	0	0	0	0	0	0	0	0	0	6	10	0	0	0	0	13	4	51	0	94	0	0	0	14	0	265	0	353	0	5	0	7	0	0
Genus_101	0	0	0	0	0	0	0	0	0	0	0	14	0	0	0	0	0	0	0	0	0	0	0	0	0	0	0	0	0	0	0	0	0	0	0	0	0	0	0	0	0	0	0	0	0	0	0	0	0	0	0	0	0	0	0	0	0	0	0	0	0	0	0	0	0	0	0	0	0	0	0	0	0	0	0	0	0	0	0	0	0	0	0	0	0	0	0	0	0
Genus_102	0	0	0	0	15	0	0	0	0	0	0	0	0	0	0	0	0	14	0	0	0	98	2	0	0	0	0	0	0	0	0	0	0	106	0	0	0	0	0	0	0	0	0	0	0	0	0	0	0	0	0	0	0	0	0	0	0	0	0	0	0	0	0	0	0	0	14	0	0	6	78	0	329	0	643	0	8	0	12	0	167	0	354	8	167	243	170	15	25
Genus_103	0	0	0	0	0	0	0	0	0	0	0	0	0	0	0	0	0	0	0	0	0	0	0	0	0	0	0	0	0	0	0	0	0	0	0	0	0	0	0	0	0	0	0	0	0	0	0	0	0	0	0	0	0	0	0	0	0	0	0	0	0	0	0	0	0	0	0	0	0	0	0	0	0	0	56	0	0	0	0	0	28	0	16	0	0	0	0	0	0
Genus_104	0	0	0	0	0	0	0	0	0	0	0	0	0	0	0	0	5	169	0	21	0	4	0	92	0	20	0	0	0	23	0	7	0	1428	0	0	0	0	0	0	0	0	0	0	0	0	0	0	0	0	0	0	0	0	0	0	0	0	0	0	0	0	0	0	0	0	0	0	0	0	0	0	10	0	0	0	0	0	0	0	0	0	32	0	0	0	0	0	0
Genus_105	0	0	11	0	0	0	0	0	0	0	0	0	0	0	0	0	0	0	0	0	0	13	0	0	0	0	0	0	0	0	0	0	0	23	0	0	0	0	0	0	0	0	0	0	0	0	0	0	0	0	0	0	0	0	0	0	0	0	0	0	0	0	0	0	0	0	12	0	0	17	0	0	0	0	0	0	0	0	0	0	0	8	0	3	0	0	0	0	0
Genus_106	0	0	0	0	0	0	0	0	0	0	0	0	0	0	0	0	0	0	0	0	0	0	0	0	0	0	0	0	0	0	0	0	0	0	0	0	0	0	0	0	0	0	0	0	0	0	0	0	0	0	0	0	0	0	0	0	0	0	0	0	0	0	0	0	0	0	0	0	0	0	0	0	0	0	19	0	0	0	0	0	0	0	0	0	0	0	0	0	0
Genus_107	0	0	0	0	0	0	0	0	0	0	0	0	0	0	0	0	0	0	0	0	0	0	0	0	0	0	0	0	0	0	0	0	0	0	0	0	0	0	0	0	0	0	0	0	0	0	0	0	0	0	0	0	0	0	0	0	0	0	0	0	0	0	0	0	0	0	0	0	0	0	0	43	14	0	0	0	0	0	0	0	0	0	0	0	0	0	0	13	0
Genus_108	3	0	28	0	0	25	0	0	0	0	0	3	0	0	0	0	30	28	0	0	0	51	0	102	0	4	0	3	0	3	0	2	0	0	0	0	984	41	0	0	32	0	0	0	0	0	0	0	0	0	0	0	0	0	0	0	0	0	0	5	19	0	0	0	0	0	0	0	0	83	20	32	36	0	73	0	0	0	0	0	50	50	28	9	0	9	0	45	0
Genus_109	0	0	0	0	0	0	0	0	0	0	0	0	0	0	0	0	0	0	0	0	0	0	0	0	0	0	0	0	0	0	0	0	0	0	0	0	0	0	0	0	0	0	0	0	0	0	0	0	0	0	0	0	0	0	0	0	0	0	0	0	0	0	0	0	0	0	0	0	0	0	0	47	0	0	0	0	0	0	0	0	0	0	0	0	0	0	0	0	0
Genus_110	0	0	0	0	0	0	0	0	0	0	0	61	0	0	0	0	0	0	0	0	0	0	0	0	0	0	0	0	0	0	0	0	0	0	0	0	0	0	0	0	0	0	0	0	0	0	0	0	0	0	0	0	0	0	0	0	0	0	0	0	0	0	0	0	0	0	0	0	0	0	0	0	0	0	0	0	0	0	0	0	56	0	96	0	0	0	0	0	0
Genus_111	0	0	194	0	0	0	0	0	0	0	0	13	14	62	0	0	0	0	0	0	0	19	0	0	0	0	0	6	0	0	0	0	0	14	0	0	0	0	0	0	0	0	0	0	0	0	0	0	0	0	0	0	0	0	0	0	0	0	0	0	0	0	0	0	0	0	0	0	0	0	0	0	0	0	0	0	0	0	0	0	0	0	0	0	0	0	0	0	0
Genus_112	0	0	319	0	15	0	0	0	0	0	0	5	0	44	0	0	0	15	0	0	0	27	0	7	0	0	0	0	0	0	0	0	0	129	0	0	0	0	0	0	51	0	0	31	0	0	46	0	0	0	0	0	0	0	0	0	0	0	14	0	12	0	0	15	43	0	75	0	13	0	0	0	9	0	15	6	0	0	0	0	0	32	0	23	434	0	0	0	5
Genus_113	0	15	0	0	8	33	0	0	0	0	0	0	0	0	0	0	0	0	0	0	0	0	0	0	0	0	0	0	0	8	0	0	0	0	0	0	0	0	0	0	0	0	0	0	0	0	0	0	0	0	0	0	0	0	0	0	0	0	0	0	0	0	0	0	0	0	0	0	0	0	0	0	0	0	0	0	0	0	0	0	0	0	0	0	0	0	0	0	0
Genus_114	0	0	0	0	0	0	0	0	0	0	0	0	0	0	0	0	0	0	0	0	0	0	0	0	0	0	0	0	0	0	0	0	0	0	0	0	0	0	0	0	0	0	0	0	0	0	0	0	0	0	0	0	0	0	0	0	0	0	0	0	0	0	0	0	0	0	0	0	0	0	0	0	16	0	0	0	0	0	0	0	0	0	0	0	0	0	0	0	0
Genus_115	0	0	0	0	0	0	0	0	0	0	0	0	0	0	0	0	0	0	0	0	0	0	0	0	0	0	0	0	0	0	0	0	0	0	0	0	0	0	0	0	0	0	0	0	0	0	0	0	0	0	18	0	117	137	0	0	0	0	0	0	0	0	0	0	0	0	0	0	0	0	0	66	0	0	0	0	0	0	0	0	0	0	0	0	0	0	0	0	0
Genus_116	0	0	0	0	0	0	0	0	0	0	0	0	0	0	0	0	0	0	0	0	0	0	0	0	0	0	0	0	0	0	0	0	0	0	0	0	0	0	0	0	0	0	0	0	0	0	0	0	0	0	0	0	0	0	0	0	0	0	0	0	0	0	0	0	0	0	0	0	0	0	48	0	92	0	211	0	0	0	0	0	179	0	150	0	0	0	0	0	0
Genus_117	0	0	0	0	0	0	0	0	0	0	0	0	0	0	0	0	0	6	0	0	0	10	0	8	0	0	0	0	0	0	0	4	0	33	0	0	0	0	0	0	0	0	0	0	0	0	0	17	0	0	0	0	0	0	0	0	0	0	0	0	0	0	0	0	0	0	12	0	0	0	0	0	0	0	0	0	0	0	0	0	0	0	0	0	0	0	0	0	0
Genus_118	0	0	0	0	0	0	0	0	0	0	0	0	0	0	0	0	0	0	0	0	0	0	0	0	0	0	0	0	0	0	0	0	0	0	0	0	0	0	0	0	0	0	0	0	0	0	0	0	0	0	0	0	0	0	0	0	0	0	0	0	0	0	0	0	0	0	0	0	0	0	0	0	11	0	8	0	0	0	0	0	0	0	6	0	0	0	0	0	0
Genus_119	0	0	0	0	0	0	0	0	0	0	0	0	0	0	0	0	0	0	0	0	0	0	0	0	0	0	0	0	0	0	0	0	0	0	0	0	0	0	0	0	0	0	0	0	0	0	0	0	0	0	0	0	0	0	0	0	0	0	0	0	0	0	0	0	0	0	0	0	0	0	0	0	5	0	9	0	0	0	0	0	0	0	0	0	0	0	0	0	0
Genus_120	0	0	0	0	0	3	0	0	0	0	0	0	0	0	0	0	0	0	0	0	0	0	0	0	0	8	0	0	0	0	0	0	0	44	0	0	0	0	0	0	0	0	0	0	0	0	0	0	0	0	0	0	0	0	0	0	0	0	0	0	0	0	0	0	0	0	105	0	0	51	0	76	57	0	46	0	0	0	0	0	0	10	29	0	26	0	22	35	0
Genus_121	0	0	148	0	12	0	0	0	0	0	0	0	0	0	0	0	0	27	0	0	0	67	0	0	0	0	0	0	0	0	0	0	0	21	0	0	0	0	0	0	0	0	0	0	0	0	0	0	0	0	0	0	0	0	0	0	0	0	0	0	0	0	0	0	0	0	28	0	0	0	0	0	0	0	0	0	0	0	0	0	0	49	0	52	129	3	0	0	0
Genus_122	0	0	0	0	0	0	0	0	0	0	0	0	0	0	0	0	0	48	0	0	0	110	0	0	0	0	0	0	0	7	0	0	0	249	0	0	0	0	0	15	0	0	0	0	0	0	0	0	0	0	0	0	0	0	0	0	0	0	0	0	0	0	0	0	0	0	0	0	0	0	0	0	35	0	12	0	0	0	0	0	0	0	0	0	0	0	0	0	0
Genus_123	0	0	7	0	0	0	0	0	0	0	0	0	0	0	0	0	0	0	0	0	0	0	0	4	0	0	0	0	0	0	0	0	0	0	0	0	0	0	0	0	0	0	0	0	0	0	0	0	0	0	0	0	0	0	0	0	0	0	12	30	0	0	0	0	0	18	0	0	20	0	191	0	657	0	1376	0	31	0	0	0	243	0	811	0	0	0	0	0	0
Genus_124	0	0	0	0	0	5	0	0	0	0	0	0	0	0	0	0	0	0	0	0	0	0	0	0	0	0	0	52	0	0	0	0	0	0	0	0	0	0	0	0	0	0	0	0	0	0	0	0	0	0	0	0	0	0	0	0	0	0	0	0	0	0	0	0	0	0	0	0	0	0	0	0	0	0	0	0	0	0	0	0	0	0	0	0	0	0	0	0	0
Genus_125	0	0	0	0	0	0	0	0	0	0	0	0	0	0	0	0	0	0	0	0	0	0	0	0	0	0	0	0	0	0	0	0	0	0	0	0	0	0	0	0	0	0	0	0	0	0	0	0	0	0	0	0	0	0	0	0	0	0	0	0	0	0	0	0	0	0	0	0	0	0	0	45	30	0	0	0	0	0	0	0	0	0	0	0	0	0	0	0	0
Genus_126	0	0	0	0	0	0	0	0	0	0	0	0	0	0	0	0	0	0	0	0	0	0	0	0	0	0	0	0	0	0	0	0	0	0	0	0	0	0	0	0	0	0	0	0	0	0	0	0	0	0	0	0	0	4	0	0	0	0	0	0	0	0	0	0	0	0	0	0	0	0	0	0	0	0	0	0	0	0	0	0	0	0	0	0	16	0	0	0	0
Genus_127	0	0	0	0	0	0	0	0	0	0	0	0	0	0	0	0	0	0	0	0	0	0	0	0	0	0	0	0	0	0	0	0	0	0	0	0	0	0	0	0	0	0	0	0	0	0	0	0	0	0	0	0	0	0	0	0	0	0	0	0	0	0	0	0	0	0	0	0	0	0	0	0	0	0	35	0	0	0	0	0	0	0	0	0	0	0	0	0	0
Genus_128	0	0	0	0	0	0	0	0	0	0	0	0	0	0	0	0	0	0	0	0	0	0	0	0	0	0	0	0	0	0	0	0	0	0	0	0	0	0	0	0	0	0	0	0	0	0	0	0	0	0	0	0	0	0	0	0	0	0	0	0	0	0	0	0	0	0	0	0	0	0	0	0	0	0	0	0	0	0	0	0	0	0	16	0	0	0	0	0	0
Genus_129	0	0	0	0	5	0	0	0	0	0	0	0	0	0	0	0	0	0	0	0	0	0	0	21	0	0	0	0	0	0	0	0	0	0	0	0	0	0	0	0	0	0	0	0	0	0	0	0	0	0	0	0	0	0	0	0	0	0	0	0	0	0	0	0	0	0	0	0	0	0	0	0	0	0	0	0	0	0	0	0	0	0	0	0	0	0	0	0	0
Genus_130	0	0	0	0	0	0	0	0	0	0	0	0	0	0	0	0	0	0	0	0	0	0	0	0	0	0	0	0	0	0	0	0	0	0	0	0	0	0	0	0	0	0	0	0	0	0	0	0	0	0	0	0	0	0	0	0	0	0	0	0	0	0	0	0	0	0	0	0	0	0	0	0	0	0	13	0	0	0	0	0	0	0	38	0	0	0	0	0	0
Genus_131	0	0	0	0	0	0	0	0	0	0	0	0	0	0	0	0	0	0	0	0	0	0	0	0	0	0	0	0	0	0	0	0	0	0	0	0	0	0	0	0	0	0	0	0	0	0	0	0	0	0	0	0	0	0	0	0	0	0	0	0	0	0	0	0	0	0	0	0	0	0	0	0	0	0	26	0	0	0	0	0	0	0	22	0	0	0	0	0	0
Genus_132	0	0	0	0	0	0	0	0	0	0	0	0	0	0	0	0	0	0	0	0	0	0	0	0	0	0	0	0	0	0	0	0	0	0	0	0	0	0	0	0	0	0	0	0	0	0	0	0	0	0	0	0	0	0	0	0	0	0	0	0	0	0	0	0	0	0	0	7	0	0	0	76	28	0	0	0	0	0	0	0	0	0	0	0	0	2	0	11	0
Genus_133	0	0	0	0	0	0	0	0	0	0	0	0	0	0	0	0	0	0	0	0	0	0	0	0	0	0	0	0	0	0	0	0	0	0	0	0	0	0	0	0	0	0	0	0	0	0	0	0	0	0	0	0	0	0	0	0	0	0	0	0	0	0	0	0	0	0	0	0	0	0	0	0	0	0	38	0	8	0	8	0	17	0	9	0	0	0	0	0	0
Genus_134	0	0	0	0	0	0	0	0	0	0	0	0	0	0	0	0	0	0	0	0	0	0	0	0	0	0	0	0	0	0	0	0	0	0	0	0	0	0	0	0	0	0	0	0	0	0	0	0	0	0	0	0	0	0	0	0	0	0	155	15	85	7	0	7	25	0	0	226	0	91	0	4337	1060	242	0	621	0	450	59	197	0	0	0	69	0	248	4	572	21
Genus_135	0	0	0	0	117	0	0	0	0	0	0	0	0	0	0	0	0	0	0	0	0	0	0	0	0	0	0	0	0	0	0	0	0	0	0	0	0	0	0	0	0	0	0	0	0	0	0	0	0	0	0	0	3	0	0	0	0	0	0	0	0	0	0	0	0	0	0	0	0	0	0	0	6	0	0	0	0	0	40	0	0	39	0	8126	794	0	0	7056	3044
Genus_136	0	0	0	0	0	0	0	0	0	117	0	0	0	0	0	0	0	0	0	0	0	0	0	0	0	0	0	0	0	0	0	0	0	0	0	0	0	0	0	0	0	0	0	0	0	0	0	0	0	0	0	0	0	0	0	0	0	0	0	0	0	0	0	0	0	0	0	0	0	0	0	16	0	0	0	0	10	0	0	0	0	0	0	0	0	0	0	0	0
Genus_137	0	0	0	0	67	0	0	0	0	0	0	0	0	0	0	0	29	55	0	197	34	56	40	1237	8	67	0	128	7	32	0	36	0	187	0	0	0	0	0	0	0	0	0	0	0	0	0	172	0	0	0	0	47	79	0	0	0	21	0	0	0	0	0	0	0	0	113	136	16	2275	295	553	307	0	111	0	323	0	5	0	0	945	99	1275	282	3386	66	1314	457
Genus_138	0	0	0	0	0	0	0	0	0	0	0	0	0	0	0	0	0	0	0	0	0	0	0	23	0	0	0	0	0	0	0	0	0	0	0	0	0	0	0	0	0	0	0	0	0	0	0	0	0	0	0	0	0	0	0	0	0	0	0	0	0	0	0	0	0	0	0	0	0	0	0	0	0	0	0	0	0	0	0	0	0	0	0	0	0	0	0	0	0
Genus_139	0	0	0	0	0	0	0	0	0	0	0	0	0	0	0	0	0	0	0	0	0	0	0	0	0	0	0	0	0	0	0	0	0	0	0	0	0	0	0	0	0	0	0	0	0	0	0	0	0	0	0	0	0	0	0	0	0	0	0	0	0	0	0	0	0	0	0	0	0	0	0	0	0	0	40	0	0	0	0	0	0	0	0	0	0	0	0	0	0
Genus_140	0	0	0	0	0	0	0	0	0	0	0	0	0	0	0	0	0	0	0	0	0	0	0	0	0	0	0	0	0	0	0	0	0	0	0	0	0	0	0	0	0	0	0	0	0	0	0	0	0	0	0	0	0	0	0	0	0	0	0	0	0	4	0	0	0	0	0	0	15	0	66	0	410	0	928	0	0	0	7	0	166	0	398	0	0	0	0	0	0
Genus_141	0	0	0	0	0	0	0	0	0	0	0	0	0	0	0	0	0	0	0	0	0	16	0	0	0	0	0	0	0	0	0	0	0	37	0	0	0	0	0	0	0	0	0	0	0	0	0	0	0	0	0	0	0	0	0	0	0	0	0	0	0	0	0	0	0	0	15	0	0	5	0	0	20	0	0	0	0	0	0	0	18	23	50	5	11	0	9	0	0
Genus_142	0	0	0	0	0	0	0	0	0	0	0	0	0	3	0	0	0	52	0	0	0	87	0	0	0	2	0	0	0	0	0	0	0	240	0	0	0	0	0	0	0	0	0	0	0	0	0	0	10	0	0	0	0	32	0	0	0	0	0	0	0	0	0	0	0	0	0	0	0	0	0	0	0	0	0	0	0	0	0	0	0	0	0	0	0	0	0	0	0
Genus_143	0	0	0	0	0	0	0	0	0	0	0	0	0	0	0	0	0	0	0	0	0	0	0	0	0	0	0	0	0	0	0	0	0	0	0	0	0	0	0	0	0	0	0	0	0	0	0	0	0	0	0	0	0	0	0	0	0	0	0	0	0	0	0	0	0	0	0	0	0	0	0	0	0	0	15	0	0	0	0	0	0	0	0	0	0	0	0	0	0
Genus_144	0	0	0	0	0	0	0	0	0	0	0	0	0	0	0	0	0	0	0	0	0	0	0	0	0	0	0	0	0	0	0	0	0	0	0	0	0	0	0	0	0	0	0	0	0	0	0	0	0	0	0	0	0	0	0	0	0	0	0	0	0	0	0	0	0	0	0	0	0	0	0	0	0	0	8	0	0	0	0	0	0	0	21	0	0	0	0	0	0
Genus_145	0	0	0	0	0	0	0	0	0	0	0	0	0	0	0	0	0	0	0	0	0	0	0	0	0	0	0	0	0	0	0	0	0	0	0	0	0	0	0	0	0	0	0	0	0	0	0	0	0	0	0	0	0	0	0	0	0	0	0	0	0	0	0	0	0	0	0	0	0	0	0	11	0	0	0	0	0	0	0	0	0	0	0	0	0	0	0	0	0
Genus_146	0	0	0	0	0	0	0	0	0	0	0	0	0	0	0	0	0	0	0	0	0	0	0	17	0	0	0	3	0	0	0	0	0	0	0	0	0	0	0	0	0	0	0	0	0	0	0	0	20	0	0	0	41	0	0	0	0	0	0	0	0	0	0	0	0	0	0	0	0	0	17	0	13	0	49	0	0	0	0	0	8	0	27	0	0	0	0	0	0
Genus_147	0	0	8	0	0	11	0	0	0	0	0	0	0	0	0	8	0	0	0	0	0	0	0	0	0	0	0	0	0	0	0	0	0	0	0	0	0	0	0	0	0	0	0	0	0	0	0	0	0	0	0	0	0	0	0	0	0	0	0	0	0	0	0	0	0	0	0	0	0	0	7	0	22	0	0	0	0	0	0	0	0	0	11	0	0	0	0	0	0
Genus_148	0	0	0	0	4	0	0	0	0	0	0	0	0	0	0	0	0	0	0	0	0	0	0	0	0	0	0	0	0	0	0	0	0	0	0	0	0	0	0	0	0	0	0	0	0	0	0	0	0	0	0	0	0	0	0	0	0	0	0	0	0	0	0	0	0	0	0	0	0	0	0	0	0	0	0	0	0	0	0	0	0	0	8	0	0	0	0	0	0
Genus_149	0	0	0	0	0	0	0	0	0	0	0	0	0	0	0	0	0	0	0	0	0	0	0	0	0	0	0	0	0	0	0	0	0	0	0	0	0	0	0	0	0	0	0	0	0	0	0	0	0	0	0	0	0	0	0	0	0	0	0	0	0	0	0	0	0	0	0	0	0	0	0	0	12	0	0	0	0	0	0	0	0	0	0	0	0	0	0	0	0
Genus_150	0	0	0	0	4	0	0	0	0	0	0	0	0	0	0	0	0	0	0	0	0	0	0	0	0	0	0	0	0	0	0	0	0	0	0	0	0	0	0	0	0	0	0	0	0	0	0	0	0	0	0	0	0	0	0	0	0	0	0	0	0	0	0	0	0	0	0	0	0	0	0	0	0	0	0	0	0	0	0	0	0	0	7	0	0	0	0	0	0
Genus_151	0	0	0	0	0	0	0	0	0	0	0	0	0	0	0	0	0	0	0	0	0	0	0	0	0	0	0	0	0	0	0	0	0	0	0	0	0	0	0	0	0	0	0	0	0	0	0	0	0	0	0	0	0	0	0	0	0	0	0	0	0	0	0	0	0	0	0	0	0	0	35	0	225	0	511	0	10	0	11	0	92	0	387	0	0	0	0	0	0
Genus_152	0	0	0	0	0	0	0	0	0	0	0	0	0	0	0	0	0	0	0	0	0	0	0	3	0	0	0	0	0	0	0	0	0	0	0	0	0	0	0	0	0	0	0	0	0	0	0	0	0	0	0	0	0	0	0	0	0	0	0	0	0	0	0	0	0	0	16	0	0	724	59	176	56	0	0	0	0	0	0	0	0	0	0	0	0	0	0	0	0
Genus_153	0	0	0	0	0	0	0	0	0	0	0	0	0	0	0	0	0	0	0	0	0	0	0	0	0	0	0	0	0	0	0	0	0	0	0	0	0	0	0	0	499	517	409	73	324	172	19	0	0	0	0	0	343	174	11	99	356	156	0	0	0	0	0	0	0	0	0	0	0	0	0	0	0	0	0	0	0	0	0	0	0	0	0	0	0	0	0	0	0
Genus_154	0	0	0	0	0	0	0	0	0	0	0	0	0	0	0	0	0	0	0	0	0	0	0	5	0	0	0	0	0	0	0	0	0	0	0	0	0	0	0	0	0	0	0	0	0	0	0	0	0	9	0	0	0	0	0	0	0	0	0	0	0	0	0	0	0	0	0	0	0	0	0	0	0	0	0	0	0	0	0	0	0	0	0	0	0	0	0	0	0
Genus_155	0	0	17	0	17	26	0	0	0	21	0	16	0	0	0	10	0	0	0	0	0	0	0	0	0	0	0	0	0	0	0	0	0	0	0	0	0	0	0	0	0	0	0	0	0	0	0	0	0	0	0	0	0	0	0	0	0	0	0	2	0	0	0	0	0	0	0	0	0	0	0	0	37	0	43	0	0	0	0	0	8	0	27	0	0	0	0	0	0
Genus_156	0	0	0	0	0	6	0	0	0	0	0	0	0	0	0	0	0	0	0	0	0	0	0	0	0	0	0	0	0	0	0	0	0	0	0	0	0	0	0	0	0	0	0	0	0	0	0	0	0	0	0	0	0	9	0	0	0	0	0	0	0	0	0	0	0	0	0	0	0	0	0	0	0	0	0	0	0	0	0	0	0	0	0	0	0	0	0	0	0
Genus_157	0	0	0	0	0	0	0	0	0	0	0	0	0	0	0	0	0	0	0	0	0	0	0	0	0	0	0	0	0	0	0	0	0	0	0	0	0	0	0	0	0	0	0	0	0	0	0	0	0	0	0	0	0	0	0	0	0	0	0	0	0	0	0	0	0	0	0	0	0	0	0	0	13	0	0	0	0	0	0	0	0	0	0	0	0	0	0	0	0
Genus_158	0	0	0	0	0	0	0	0	0	0	0	0	0	0	0	0	0	0	0	0	0	0	0	0	0	0	0	0	0	0	0	0	0	0	0	0	0	0	0	0	0	0	0	0	0	0	0	0	0	0	0	0	0	0	0	0	0	0	0	0	0	0	0	0	0	0	0	0	0	0	0	0	18	0	22	0	0	0	0	0	0	0	6	0	0	0	0	0	0
Genus_159	0	0	0	0	0	0	0	0	0	0	0	0	0	0	0	0	0	0	0	0	0	0	0	0	0	0	0	0	0	0	0	0	0	0	0	0	0	0	0	0	0	0	0	0	0	0	0	0	0	0	0	0	0	0	0	0	0	0	0	0	0	0	0	0	0	0	0	0	0	0	0	0	0	0	31	0	0	0	0	0	13	0	17	0	0	0	0	0	0
Genus_160	0	0	0	0	6	0	0	0	0	0	0	0	0	0	0	0	0	0	0	0	0	0	0	0	0	0	0	0	0	0	0	0	0	0	0	0	0	0	0	0	0	0	0	0	0	0	0	0	0	0	0	0	0	0	0	0	0	0	0	3	0	0	0	0	0	0	0	0	0	0	0	0	235	0	301	0	3	0	14	0	109	0	190	0	0	0	0	0	0
Genus_161	0	0	0	0	0	0	0	0	0	0	0	0	0	0	0	0	0	0	0	0	0	0	0	0	0	0	0	0	0	0	0	0	0	0	0	0	0	0	0	0	0	0	0	0	0	0	0	0	0	0	0	0	0	0	0	0	0	0	0	0	0	0	0	0	0	0	0	0	0	0	0	0	39	0	61	0	0	0	0	0	0	0	0	0	0	0	0	0	0
Genus_162	0	0	0	0	0	0	0	0	0	0	0	0	0	0	0	0	0	0	0	0	0	0	0	0	0	0	0	0	0	0	0	0	0	0	0	0	0	0	0	0	0	0	0	0	0	0	0	0	0	0	0	0	0	0	0	0	0	0	0	0	0	0	0	0	0	0	0	0	0	0	0	0	0	0	0	0	0	0	0	0	0	0	10	0	0	0	0	0	0
Genus_163	0	0	0	0	0	0	0	0	0	0	0	0	0	0	0	0	0	0	0	0	0	0	0	0	0	0	0	0	0	0	0	0	0	0	0	0	0	0	0	0	0	0	0	0	0	0	0	0	0	0	0	0	0	0	0	0	0	0	0	0	0	0	0	0	0	0	0	0	0	0	6	0	0	0	13	0	0	0	0	0	14	0	86	0	0	0	0	0	0
Genus_164	0	0	0	0	0	0	0	0	0	0	0	0	0	0	0	0	0	0	0	0	0	0	0	0	0	0	0	0	0	0	0	0	0	0	0	0	0	0	0	0	0	0	0	0	0	0	0	0	0	0	0	0	0	0	0	0	0	0	0	0	0	0	0	0	0	0	0	0	0	0	0	12	29	0	0	0	0	0	0	0	0	0	0	0	0	0	0	0	0
Genus_165	0	0	0	0	0	0	0	0	0	0	0	0	0	0	0	0	0	0	0	0	0	0	0	0	0	0	0	0	0	0	0	0	0	0	0	0	0	0	0	0	0	0	0	0	0	0	0	0	0	0	0	0	0	0	0	0	0	0	0	0	0	0	0	0	7	0	0	0	0	4	0	0	0	0	0	0	0	0	0	0	0	5	0	33	10	18	11	24	0
Genus_166	0	488	25	6	3670	30	0	21	0	15	0	0	0	504	0	28	316	51889	56	24003	0	668	0	14148	578	109239	86	49746	836	78177	56	71221	185	3748	0	17	37	95	0	119	0	0	0	50	0	0	0	125	264	561	828	5939	0	40	23	0	0	348	0	30	0	0	0	11	0	8	28	506	14137	275	1270	7	90	0	96	0	70042	0	398	0	350	87	1580	113	44007	6238	105321	2963	62929
Genus_167	0	0	0	0	0	0	0	0	0	0	0	0	0	0	0	0	0	0	0	0	0	0	0	0	0	0	0	0	0	0	0	0	0	0	0	0	0	0	0	0	0	0	0	0	0	0	0	0	0	0	0	0	0	0	0	0	0	0	0	0	0	0	0	0	0	0	0	0	0	0	0	8	0	0	0	0	0	0	0	0	0	0	0	0	0	0	0	2	0
Genus_168	0	0	0	0	0	0	0	0	0	0	0	0	0	0	0	0	0	0	0	0	0	0	0	0	0	0	0	0	0	0	0	0	0	0	0	0	0	0	0	0	0	0	0	0	0	0	0	0	0	0	0	0	0	0	0	0	0	0	0	0	0	0	0	0	0	0	0	0	0	0	0	21	0	0	0	0	0	0	0	0	0	0	0	0	0	0	0	0	0
Genus_169	0	0	0	0	0	0	0	0	0	0	0	0	0	0	0	0	0	0	0	0	0	0	0	0	0	0	0	0	0	0	0	0	0	0	0	0	0	0	0	0	0	0	0	0	0	0	0	0	0	0	0	0	0	0	0	0	0	0	0	0	0	0	0	0	0	0	0	0	0	0	0	0	0	0	12	0	0	0	0	0	0	0	10	0	0	0	0	0	0
Genus_170	0	0	0	0	0	0	0	0	0	0	0	0	0	0	0	0	0	74	0	0	0	147	0	12	0	6	0	10	0	0	0	0	0	105	0	0	0	0	0	0	0	0	0	0	0	0	0	0	16	0	31	0	0	0	0	0	19	0	0	3	0	0	0	0	0	0	196	13	34	219	0	76	15	0	0	0	0	0	0	0	12	0	0	8	226	0	51	0	0
Genus_171	0	0	0	0	0	0	0	0	0	0	0	0	0	0	0	0	0	0	0	0	0	0	0	0	0	0	0	0	0	0	0	0	0	0	0	0	0	0	0	0	0	0	0	0	0	0	0	0	0	0	0	0	0	0	0	0	0	0	0	0	0	0	0	0	0	0	0	0	0	0	0	0	0	0	11	0	0	0	0	0	14	0	11	0	0	0	0	0	0
Genus_172	0	0	0	0	0	0	0	0	0	0	0	0	0	0	0	0	0	0	0	0	0	0	0	0	0	0	0	0	0	0	0	0	0	0	0	0	0	0	0	0	0	0	0	0	0	0	0	0	0	0	0	0	0	0	0	0	0	0	0	0	0	0	0	0	0	0	0	0	0	0	0	0	0	0	0	0	0	0	0	0	0	0	43	0	0	0	0	0	0
Genus_173	0	2	62	0	0	0	0	0	0	0	0	0	0	0	0	0	0	21	0	0	0	69	0	0	0	0	0	0	0	0	0	0	0	347	0	20	0	0	0	32	0	0	0	25	0	0	0	0	0	0	0	0	0	0	30	0	0	0	0	0	0	0	0	0	0	0	0	0	0	0	0	0	0	0	0	0	0	0	0	0	0	0	0	0	0	0	0	0	0
Genus_174	0	0	0	0	0	0	0	0	0	0	0	0	0	0	0	0	0	0	0	0	0	0	0	0	0	0	0	0	0	0	0	0	0	0	0	0	0	0	0	0	0	0	0	0	0	0	0	0	0	0	0	0	0	0	0	0	0	0	0	0	0	0	0	0	0	0	0	0	0	0	0	0	0	0	0	0	0	0	0	0	0	0	17	0	0	0	0	0	0
Genus_175	0	0	0	0	0	0	0	0	0	0	0	17	0	0	0	0	0	0	0	0	0	0	0	0	0	0	0	0	0	0	0	0	0	0	0	0	0	0	0	0	0	0	0	0	0	0	0	0	0	0	0	0	0	0	0	0	0	0	0	0	0	0	0	0	0	0	0	0	0	0	0	0	0	0	0	0	0	0	0	0	0	0	0	0	0	0	0	0	0
Genus_176	0	0	0	0	0	0	0	0	0	0	0	9	0	5	0	0	0	0	0	0	0	0	0	11	0	0	0	22	0	0	0	0	0	3	0	0	0	0	0	0	0	0	0	0	0	0	0	0	0	0	0	0	0	0	0	0	0	0	0	0	0	0	0	0	0	0	0	0	0	0	0	0	0	0	0	0	0	0	0	0	0	11	0	31	0	0	0	22	0
Genus_177	0	0	0	0	0	0	0	0	0	0	0	0	0	0	0	0	8	0	0	14	0	0	0	57	0	0	0	15	0	10	3	0	0	44	0	0	0	0	0	0	0	0	0	0	0	0	0	0	0	0	0	0	0	0	0	0	0	0	0	0	0	0	0	0	0	0	0	0	0	0	0	0	0	0	0	0	0	0	0	0	0	0	0	0	0	0	0	0	0
Genus_178	0	0	0	0	0	0	0	16	0	6	0	21	0	0	0	0	0	0	0	0	0	5	0	47	0	0	0	0	0	0	0	0	0	0	0	0	0	0	0	0	0	0	0	0	0	0	0	0	0	0	0	0	0	0	0	0	0	0	0	0	0	0	0	0	0	0	0	0	0	0	0	0	0	0	0	0	0	0	0	0	0	0	0	0	0	0	0	0	0
Genus_179	0	0	6	0	0	0	0	0	0	0	0	0	0	5	0	0	0	16	0	0	0	12	0	0	0	0	0	0	0	0	0	0	0	25	0	0	0	0	0	0	0	0	0	0	0	0	0	0	0	0	0	0	0	0	0	0	0	0	2	0	0	0	0	0	0	0	16	0	7	5	0	0	0	0	0	0	0	0	0	0	0	6	0	3	0	0	0	0	0
Genus_180	0	0	11	0	0	0	0	0	0	0	0	4	0	16	0	0	0	0	0	0	0	0	0	0	0	0	0	0	0	0	0	0	0	0	0	0	0	0	0	0	0	0	0	0	0	0	0	0	12	0	0	0	17	14	0	0	0	0	0	0	0	0	0	0	0	0	0	0	0	0	0	0	0	0	0	0	0	0	0	0	0	0	0	0	0	0	0	0	0
Genus_181	0	0	0	0	0	0	0	0	0	0	0	0	0	0	0	0	0	0	0	0	0	0	0	0	0	0	0	0	0	0	0	0	0	0	0	0	0	0	0	0	0	0	0	0	0	0	0	0	0	0	0	0	0	0	0	0	0	0	0	0	0	0	0	0	0	0	0	0	0	0	0	0	14	0	0	0	0	0	0	0	0	0	0	0	0	0	0	0	0
Genus_182	0	0	0	0	0	0	0	0	0	0	0	0	0	0	0	0	0	0	0	0	0	0	0	0	0	0	0	0	0	0	0	0	0	0	0	0	0	0	0	0	0	0	0	0	0	0	0	0	0	0	0	0	0	0	0	0	0	0	0	0	0	0	0	0	0	0	0	0	0	0	0	0	0	0	0	0	0	0	0	0	0	0	0	113	0	0	0	15	0
Genus_183	0	0	0	0	0	0	0	0	0	0	0	0	0	0	0	0	0	0	0	0	0	0	0	0	0	0	0	0	0	0	0	0	0	0	0	0	0	0	0	0	0	0	0	0	0	0	0	0	0	0	0	0	0	0	0	0	0	0	0	0	0	0	0	0	0	0	0	0	0	0	0	0	0	0	0	0	0	0	0	0	13	0	22	0	0	0	0	0	0
Genus_184	0	0	0	0	0	0	0	0	0	0	0	0	0	0	0	0	0	0	0	0	0	0	0	0	0	0	0	0	0	0	0	0	0	0	0	0	0	0	0	0	0	0	0	0	0	0	0	0	0	0	0	0	0	0	0	0	0	0	0	0	0	0	0	0	0	0	0	0	0	0	0	0	0	0	16	0	0	0	0	0	0	0	0	0	0	0	0	0	0
Genus_185	0	0	0	0	43	0	0	0	0	0	0	0	0	0	0	0	0	0	0	0	0	0	0	0	0	0	0	0	0	0	0	0	0	0	0	0	0	0	0	0	0	0	0	0	0	0	0	0	0	0	0	0	0	0	0	0	0	0	90	0	965	104	27	0	3199	48	0	16	8	106	6	33	0	22483	62	54192	0	25109	9778	16063	0	105	525	71	3	71	6	110	0
Genus_186	0	0	0	0	8	0	0	0	0	0	0	0	0	0	0	0	0	0	0	0	0	0	0	0	0	0	0	0	0	0	0	0	0	0	0	0	0	0	0	0	0	0	0	0	0	0	0	0	0	0	0	0	0	0	0	0	0	0	0	0	0	0	0	0	0	0	0	0	0	0	0	0	13	0	0	0	0	0	0	0	0	0	0	0	0	0	0	0	0
Genus_187	0	0	0	0	0	0	0	0	0	0	0	0	0	0	0	0	0	0	0	0	0	0	0	0	0	0	0	0	0	0	0	0	0	0	0	0	0	0	0	0	0	0	0	0	0	0	0	0	0	0	0	0	0	0	0	0	0	0	0	0	0	0	0	0	0	0	0	0	0	0	0	0	7	0	14	0	0	0	0	0	12	0	0	0	0	0	0	0	0
Genus_188	0	0	13	0	4	0	0	0	0	0	0	0	0	0	0	0	0	0	0	0	0	0	0	9	0	6	0	0	0	0	0	0	0	0	0	0	0	0	0	0	0	0	0	0	0	0	41	0	0	0	0	0	201	29	0	0	0	0	0	0	0	0	0	0	0	0	27	0	6	6	0	0	0	0	64	0	0	0	0	0	14	49	15	11	50	7	6	0	0
Genus_189	0	0	0	0	0	0	0	0	0	0	0	0	0	0	0	0	0	0	0	0	0	16	0	0	0	0	0	0	0	0	0	0	0	0	0	0	0	0	0	0	0	0	0	0	0	0	0	0	0	0	0	0	0	0	0	0	0	0	0	0	0	0	0	0	0	0	0	0	0	0	0	0	0	0	0	0	0	0	0	0	0	0	0	0	0	0	0	0	0
Genus_190	0	0	0	0	0	0	0	0	0	0	0	0	0	0	0	0	0	0	0	0	0	0	0	0	0	0	0	0	0	0	0	0	0	0	0	0	0	0	0	0	0	0	0	0	0	0	0	0	55	0	0	0	40	40	0	0	0	0	0	0	0	0	0	0	0	0	0	0	0	0	0	0	0	0	0	0	0	0	0	0	0	0	0	0	0	0	0	0	0
Genus_191	0	0	0	0	0	0	0	0	0	0	0	0	0	0	0	0	0	0	0	0	0	0	0	0	0	0	0	0	0	0	0	0	0	0	0	0	0	0	0	0	0	0	0	0	0	0	0	0	0	0	0	0	0	0	0	0	0	0	0	0	0	0	0	0	0	0	0	0	0	0	0	0	11	0	0	0	0	0	0	0	0	0	0	0	0	0	0	0	0
Genus_192	0	0	0	0	0	0	0	0	0	0	0	0	0	0	0	0	0	0	0	0	0	0	0	0	0	0	0	0	0	0	0	0	0	0	0	0	0	0	0	0	0	0	0	0	0	0	0	0	0	0	0	0	0	0	0	0	0	0	0	0	0	0	0	0	0	0	0	0	0	0	0	0	0	0	14	0	0	0	0	0	0	0	0	0	0	0	0	0	0
Genus_193	0	0	29	0	0	0	0	0	0	0	0	0	0	0	0	0	0	2	0	0	0	12	0	0	0	0	0	0	0	0	0	0	0	23	0	0	0	0	0	0	0	0	0	0	0	0	0	0	0	0	0	0	0	0	0	0	0	0	0	0	0	0	0	0	0	0	0	0	0	0	0	0	0	0	0	0	0	0	0	0	0	0	0	0	0	0	0	0	0
Genus_194	0	0	0	0	0	0	0	0	0	0	0	0	0	0	0	0	0	0	0	0	0	0	0	0	0	0	0	0	0	0	0	0	0	0	0	0	0	0	0	0	0	0	0	0	0	0	0	0	0	0	0	0	0	0	0	0	0	0	0	0	0	0	0	0	0	0	0	0	0	0	0	0	0	0	0	0	0	0	0	0	15	0	0	0	0	0	0	0	0
Genus_195	0	0	0	0	0	0	0	0	0	0	0	0	0	0	0	0	0	0	0	0	0	0	0	0	0	0	0	0	0	0	0	0	0	0	0	0	0	0	0	0	0	0	0	0	0	0	0	0	0	0	0	0	0	0	0	0	0	0	0	0	0	0	0	0	0	0	0	0	0	0	0	32	0	0	0	0	0	0	0	0	0	0	0	0	0	0	0	0	0
Genus_196	0	0	0	0	0	0	0	0	0	0	0	0	0	0	0	0	0	0	0	0	0	0	0	0	0	0	0	0	0	0	0	0	0	0	0	0	0	0	0	0	0	0	0	0	0	0	0	0	0	0	0	0	0	0	0	0	0	0	0	0	0	0	0	0	0	0	0	0	0	0	0	0	0	0	0	0	0	0	0	0	0	0	18	0	0	0	0	0	0
Genus_197	0	9	6	0	0	0	0	0	0	0	0	0	0	0	0	0	0	0	0	0	0	0	0	0	0	0	0	0	0	0	0	0	0	0	0	0	0	0	0	0	0	0	0	0	0	0	0	0	0	0	0	0	0	0	0	0	0	0	0	0	0	0	0	0	0	0	0	0	0	0	0	0	0	0	0	0	0	0	0	0	0	0	0	0	0	0	0	0	0
Genus_198	0	0	0	0	0	0	0	0	0	0	0	0	0	0	0	0	0	0	0	0	0	0	0	0	0	0	0	0	0	0	0	0	0	0	0	0	0	0	0	0	0	0	0	0	0	0	0	0	0	0	18	0	0	0	95	0	0	0	0	0	0	0	0	0	0	0	0	0	0	0	0	0	0	0	0	0	0	0	0	0	0	0	0	0	0	0	0	0	0
Genus_199	0	0	0	0	43	0	0	0	0	0	0	0	0	0	0	0	0	0	0	0	0	0	0	0	0	0	0	0	0	0	0	0	0	0	0	0	0	0	0	0	0	40	0	0	0	0	0	0	0	0	0	0	0	117	0	48	127	0	101	6	61	9	16	16	84	0	218	0	19	4049	399	735	183	23	0	0	458	10	0	0	21	2890	79	1781	357	2276	53	1254	406
Genus_200	0	0	0	0	0	0	0	0	0	0	0	0	0	0	0	0	0	0	0	0	0	0	0	0	0	0	0	0	0	0	0	0	0	0	0	0	0	0	0	0	0	0	0	0	0	0	0	0	0	0	0	0	0	0	0	0	0	0	0	0	0	0	0	0	0	0	0	0	0	0	0	0	17	0	0	0	0	0	0	0	0	0	0	0	0	0	0	0	0
Genus_201	0	0	0	0	0	0	0	0	0	8	0	71	0	11	0	0	0	0	0	0	0	0	0	0	0	0	0	0	0	3	0	0	0	0	0	0	0	0	0	0	0	0	0	20	0	0	0	0	0	0	0	0	0	0	0	0	0	0	0	0	0	0	0	0	0	0	0	0	0	0	0	0	0	0	0	0	0	0	0	0	5	0	0	0	0	0	21	0	0
Genus_202	0	0	29	0	0	3	0	0	0	0	0	6	0	0	0	0	0	0	0	0	0	0	0	0	0	0	0	0	0	0	0	0	0	42	0	0	0	0	0	28	0	0	0	0	0	0	0	0	0	0	0	0	0	0	0	0	0	0	0	0	5	0	0	13	0	0	15	0	0	0	0	0	0	0	9	0	0	0	0	0	0	0	0	0	20	10	19	0	0
Genus_203	0	0	0	0	0	0	0	0	0	0	0	0	0	0	0	0	0	0	0	7	0	0	0	0	0	2	0	0	0	0	0	0	0	0	0	0	0	0	0	0	0	0	0	0	0	0	0	0	0	0	0	0	0	0	0	0	0	0	0	0	0	0	0	0	0	0	0	0	0	0	0	0	0	0	0	0	0	0	0	0	0	0	0	0	0	0	0	0	0
Genus_204	0	0	0	0	13	0	0	0	0	0	0	3	0	0	0	0	0	0	0	0	0	0	0	0	0	0	0	0	0	0	0	0	0	0	0	0	0	0	0	0	0	0	0	0	0	0	6	0	0	0	0	0	23	0	0	0	0	0	0	6	0	0	0	0	0	0	381	20	70	182	17	81	35	0	32	0	0	0	0	0	16	138	0	19	326	7	76	0	0
Genus_205	0	0	0	0	0	0	0	0	0	0	0	0	0	0	0	0	0	0	0	0	0	0	0	0	0	0	0	0	0	0	0	0	0	0	0	0	0	0	0	0	0	0	0	0	0	0	0	0	0	0	0	0	0	0	0	0	0	0	0	0	0	0	0	0	0	0	0	0	0	0	0	0	78	0	234	0	8	0	23	0	56	0	261	0	0	0	0	0	0
Genus_206	0	0	0	0	0	0	0	0	0	0	0	0	0	0	0	0	0	22	0	0	0	0	0	0	0	0	0	0	0	0	0	0	0	0	0	0	0	0	0	0	0	0	0	0	0	0	0	0	0	0	0	0	0	0	0	0	0	0	0	0	0	0	0	0	0	0	0	0	0	0	0	0	0	0	0	0	0	0	0	0	0	0	0	0	0	0	0	0	0
Genus_207	0	0	0	0	0	0	0	0	0	0	0	0	0	0	0	0	0	0	0	0	0	0	0	0	0	0	0	0	0	0	0	0	0	0	0	0	0	0	0	0	0	0	0	0	0	0	0	0	0	0	0	0	0	0	0	0	0	0	0	0	0	0	0	0	0	0	0	0	0	0	0	14	20	0	0	0	0	0	0	0	0	0	0	0	0	0	0	0	0
Genus_208	0	0	15	0	0	0	0	0	0	0	0	0	0	0	0	0	0	19	0	5	0	21	0	17	0	0	0	0	0	0	0	0	0	49	0	0	0	0	0	0	0	0	0	0	0	0	22	7	0	0	0	0	0	0	0	0	0	0	0	0	0	0	0	0	0	0	9	0	5	16	0	8	6	0	0	0	0	0	0	0	0	40	7	7	18	0	6	5	0
Genus_209	0	0	0	0	0	0	0	0	0	0	0	0	0	0	0	0	0	0	0	0	0	22	0	0	0	0	0	0	0	0	0	0	0	46	0	0	0	0	0	0	0	0	0	0	0	0	0	0	0	0	0	0	0	0	0	0	0	0	0	0	0	0	0	0	0	0	21	0	0	10	0	0	0	0	0	0	0	0	0	0	0	9	0	0	4	0	0	0	0
Genus_210	0	0	0	0	0	0	0	0	0	0	0	0	0	0	0	0	0	0	0	0	0	0	0	0	0	0	0	0	0	0	0	0	0	0	0	0	0	0	0	0	0	0	0	0	0	0	0	0	0	0	0	0	0	0	0	0	0	0	0	0	0	0	0	0	0	0	0	0	0	0	0	0	6	0	0	0	3	0	0	0	0	0	37	0	0	0	0	0	0
Genus_211	0	0	7	0	0	0	0	0	0	0	0	5	0	4	0	0	3	0	0	16	0	14	2	45	0	0	2	17	0	0	0	0	0	21	0	0	0	0	0	0	0	0	0	0	0	0	0	0	5	0	0	0	20	0	0	0	0	0	0	0	0	0	0	0	0	0	0	0	0	0	0	0	0	0	0	0	0	0	0	0	0	36	0	18	5	15	0	21	5
Genus_212	0	0	0	0	0	0	0	0	0	0	0	0	0	0	0	0	0	0	0	0	0	0	0	0	0	0	0	0	0	0	0	0	0	0	0	0	0	0	0	0	0	0	0	0	0	0	0	0	0	0	0	0	0	0	0	0	0	0	0	0	0	0	0	0	0	0	0	0	0	0	48	0	103	0	301	0	0	0	0	0	40	0	214	0	0	0	0	0	0
Genus_213	0	0	0	0	0	0	0	0	0	0	0	0	0	0	0	0	0	0	0	0	0	0	0	12	0	0	0	0	0	0	0	0	0	62	0	0	0	0	0	0	0	0	0	0	0	0	0	0	0	0	0	0	0	0	0	0	0	0	0	0	0	0	0	0	0	0	15	0	0	961	95	267	58	0	6	0	11	0	0	0	0	32	5	160	21	89	0	94	37
Genus_214	0	0	0	0	0	0	0	0	0	46	0	0	0	0	0	0	0	0	0	0	0	0	0	0	0	0	0	0	0	0	0	0	0	0	0	0	0	0	0	0	0	0	0	0	0	0	0	0	0	0	0	0	0	0	0	0	0	0	0	0	0	0	0	0	0	0	0	0	0	0	0	0	0	0	0	0	0	0	0	0	0	0	0	0	0	0	0	0	0
Genus_215	0	0	0	0	0	0	0	0	0	0	0	0	0	0	0	0	0	0	0	0	0	0	0	0	0	0	0	0	0	0	0	0	0	0	0	0	0	0	0	0	0	0	0	0	0	0	0	0	0	0	0	0	0	0	0	0	0	0	0	0	0	0	0	0	0	0	0	0	0	0	0	0	0	0	0	0	0	0	0	0	0	0	16	0	0	0	0	0	0